"To.OriginalRow" "From.OriginalRow" "rowID" "envdist" "km" "To.xcord" "To.ycord" "From.xcord" "From.ycord" "BetaSim" "Sorenson" "MNTD"
163 1 "162" 939.787938734367 11126.1571526117 -786282.108380102 8214047.84807365 -2386282.1083801 8710047.84807365 0 0.2 0.613457611805665
163 2 "12409" 1013.53111345509 12129.5470426397 -786282.108380102 8214047.84807365 -2286282.1083801 8710047.84807365 0 0.2 0.613457611805665
163 3 "24655" 782.157596144683 10335.8061776762 -786282.108380102 8214047.84807365 -2186282.1083801 8710047.84807365 0 0.2 0.613457611805665
163 4 "36900" 1102.97830572033 8661.2955737935 -786282.108380102 8214047.84807365 -2086282.1083801 8710047.84807365 0 0.2 0.613457611805665
163 5 "49144" 798.904958115907 10335.8061775612 -786282.108380102 8214047.84807365 -1986282.1083801 8710047.84807365 0 0.2 0.613457611805665
457 1 "456" 7100.91662051215 9260.89492011109 -5086282.1083801 7718047.84807365 -2386282.1083801 8710047.84807365 0.283019879341117 0.5 2.00831130055702
457 2 "12703" 7071.82563939786 0.000134414476389852 -5086282.1083801 7718047.84807365 -2286282.1083801 8710047.84807365 0.283019879341117 0.5 2.00831130055702
457 3 "24949" 6643.31467724426 17610.727635608 -5086282.1083801 7718047.84807365 -2186282.1083801 8710047.84807365 0.283019879341117 0.5 2.00831130055702
457 4 "37194" 6238.76090722489 14776.6777241784 -5086282.1083801 7718047.84807365 -2086282.1083801 8710047.84807365 0.283019879341117 0.5 2.00831130055702
457 5 "49438" 5924.41934369239 17610.7276357249 -5086282.1083801 7718047.84807365 -1986282.1083801 8710047.84807365 0.283019879341117 0.5 2.00831130055702
2760 1 "2759" 2037.60716207348 13158.5810047498 -4186282.1083801 5982047.84807365 -2386282.1083801 8710047.84807365 0.0542810195842561 1 3.33810377621681
2760 2 "15006" 1888.68361238036 13358.8645883251 -4186282.1083801 5982047.84807365 -2286282.1083801 8710047.84807365 0.0542810195842561 1 3.33810377621681
2760 3 "27252" 2133.66455502852 4918.18289443511 -4186282.1083801 5982047.84807365 -2186282.1083801 8710047.84807365 0.0542810195842561 1 3.33810377621681
2760 4 "39497" 2357.618180381 4815.92591560498 -4186282.1083801 5982047.84807365 -2086282.1083801 8710047.84807365 0.0542810195842561 1 3.33810377621681
2760 5 "51741" 2641.47416932268 4918.18289443787 -4186282.1083801 5982047.84807365 -1986282.1083801 8710047.84807365 0.0542810195842561 1 3.33810377621681
2929 1 "2928" 5185.53173001722 12893.923364629 -4486282.1083801 5858047.84807365 -2386282.1083801 8710047.84807365 0.0542810195842561 1 3.27057070744514
2929 2 "15175" 5144.88224673287 13716.038412716 -4486282.1083801 5858047.84807365 -2286282.1083801 8710047.84807365 0.0542810195842561 1 3.27057070744514
2929 3 "27421" 4718.84240661758 4511.14073937462 -4486282.1083801 5858047.84807365 -2186282.1083801 8710047.84807365 0.0542810195842561 1 3.27057070744514
2929 4 "39666" 4289.23771428752 4815.92591558675 -4486282.1083801 5858047.84807365 -2086282.1083801 8710047.84807365 0.0542810195842561 1 3.27057070744514
2929 5 "51910" 3989.35001151164 4511.1407393802 -4486282.1083801 5858047.84807365 -1986282.1083801 8710047.84807365 0.0542810195842561 1 3.27057070744514
2931 1 "2930" 5663.57459746537 9256.01061579133 -4286282.1083801 5858047.84807365 -2386282.1083801 8710047.84807365 0.0542810195842561 1 3.33810377621681
2931 2 "15177" 5624.18082748489 7131.25964352123 -4286282.1083801 5858047.84807365 -2286282.1083801 8710047.84807365 0.0542810195842561 1 3.33810377621681
2931 3 "27423" 5198.70133533942 15244.2015155611 -4286282.1083801 5858047.84807365 -2186282.1083801 8710047.84807365 0.0542810195842561 1 3.33810377621681
2931 4 "39668" 4772.90461635594 12988.2126952047 -4286282.1083801 5858047.84807365 -2086282.1083801 8710047.84807365 0.0542810195842561 1 3.33810377621681
2931 5 "51912" 4471.37277537616 15244.2015154795 -4286282.1083801 5858047.84807365 -1986282.1083801 8710047.84807365 0.0542810195842561 1 3.33810377621681
3102 1 "3101" 1011.98278499055 13158.5810047525 -4186282.1083801 5734047.84807365 -2386282.1083801 8710047.84807365 0.0542810195842561 1 3.33810377621681
3102 2 "15348" 1075.15724887848 13823.1940970083 -4186282.1083801 5734047.84807365 -2286282.1083801 8710047.84807365 0.0542810195842561 1 3.33810377621681
3102 3 "27594" 1456.33276018658 4511.14073934593 -4186282.1083801 5734047.84807365 -2186282.1083801 8710047.84807365 0.0542810195842561 1 3.33810377621681
3102 4 "39839" 2058.6514074777 4511.14073934948 -4186282.1083801 5734047.84807365 -2086282.1083801 8710047.84807365 0.0542810195842561 1 3.33810377621681
3102 5 "52083" 2185.83606063201 4511.14073934036 -4186282.1083801 5734047.84807365 -1986282.1083801 8710047.84807365 0.0542810195842561 1 3.33810377621681
3265 1 "3264" 10926.2804031925 5179.28478997359 -4686282.1083801 5610047.84807365 -2386282.1083801 8710047.84807365 0.0542810195842561 1 3.15737725028493
3265 2 "15511" 10901.2393673003 5484.85270659049 -4686282.1083801 5610047.84807365 -2286282.1083801 8710047.84807365 0.0542810195842561 1 3.15737725028493
3265 3 "27757" 10472.4501711504 15244.2015155702 -4686282.1083801 5610047.84807365 -2186282.1083801 8710047.84807365 0.0542810195842561 1 3.15737725028493
3265 4 "40002" 10043.3337719791 17811.8194512113 -4686282.1083801 5610047.84807365 -2086282.1083801 8710047.84807365 0.0542810195842561 1 3.15737725028493
3265 5 "52246" 9739.09726845344 15244.2015156518 -4686282.1083801 5610047.84807365 -1986282.1083801 8710047.84807365 0.0542810195842561 1 3.15737725028493
3267 1 "3266" 11210.5370063114 13301.802553001 -4486282.1083801 5610047.84807365 -2386282.1083801 8710047.84807365 0.0542810195842561 1 3.22906195633633
3267 2 "15513" 11185.9091418812 13413.7808820773 -4486282.1083801 5610047.84807365 -2286282.1083801 8710047.84807365 0.0542810195842561 1 3.22906195633633
3267 3 "27759" 10757.1517501976 4918.18289443599 -4486282.1083801 5610047.84807365 -2186282.1083801 8710047.84807365 0.0542810195842561 1 3.22906195633633
3267 4 "40004" 10328.2074411289 4655.77824845626 -4486282.1083801 5610047.84807365 -2086282.1083801 8710047.84807365 0.0542810195842561 1 3.22906195633633
3267 5 "52248" 10023.7276535601 4918.18289443322 -4486282.1083801 5610047.84807365 -1986282.1083801 8710047.84807365 0.0542810195842561 1 3.22906195633633
3270 1 "3269" 10696.755434382 9721.01286384311 -4186282.1083801 5610047.84807365 -2386282.1083801 8710047.84807365 0.0542810195842561 1 3.33810377621681
3270 2 "15516" 10670.3596154538 11047.2202618076 -4186282.1083801 5610047.84807365 -2286282.1083801 8710047.84807365 0.0542810195842561 1 3.33810377621681
3270 3 "27762" 10241.0403910115 6576.48655392133 -4186282.1083801 5610047.84807365 -2186282.1083801 8710047.84807365 0.0542810195842561 1 3.33810377621681
3270 4 "40007" 9810.15531451941 8905.9097255167 -4186282.1083801 5610047.84807365 -2086282.1083801 8710047.84807365 0.0542810195842561 1 3.33810377621681
3270 5 "52251" 9507.82274043294 6576.486554027 -4186282.1083801 5610047.84807365 -1986282.1083801 8710047.84807365 0.0542810195842561 1 3.33810377621681
3436 1 "3435" 5799.01907016359 10335.8061774178 -4986282.1083801 5486047.84807365 -2386282.1083801 8710047.84807365 0.197710590099119 1 3.5047877491521
3436 2 "15682" 5752.22713399292 9759.35165490485 -4986282.1083801 5486047.84807365 -2286282.1083801 8710047.84807365 0.197710590099119 1 3.5047877491521
3436 3 "27928" 5329.70423996473 7911.60625115668 -4986282.1083801 5486047.84807365 -2186282.1083801 8710047.84807365 0.197710590099119 1 3.5047877491521
3436 4 "40173" 4893.53148583262 9210.66974249824 -4986282.1083801 5486047.84807365 -2086282.1083801 8710047.84807365 0.197710590099119 1 3.5047877491521
3436 5 "52417" 4604.56998759377 7911.60625124885 -4986282.1083801 5486047.84807365 -1986282.1083801 8710047.84807365 0.197710590099119 1 3.5047877491521
3437 1 "3436" 6379.79494564102 15943.0382220501 -4886282.1083801 5486047.84807365 -2386282.1083801 8710047.84807365 0.229544445590091 1 3.70957403810869
3437 2 "15683" 6335.88516157081 9759.35165486043 -4886282.1083801 5486047.84807365 -2286282.1083801 8710047.84807365 0.229544445590091 1 3.70957403810869
3437 3 "27929" 5912.28569700242 9210.6697424963 -4886282.1083801 5486047.84807365 -2186282.1083801 8710047.84807365 0.229544445590091 1 3.70957403810869
3437 4 "40174" 5474.05661561546 5689.71593755733 -4886282.1083801 5486047.84807365 -2086282.1083801 8710047.84807365 0.229544445590091 1 3.70957403810869
3437 5 "52418" 5183.72935161403 9210.66974246159 -4886282.1083801 5486047.84807365 -1986282.1083801 8710047.84807365 0.229544445590091 1 3.70957403810869
3440 1 "3439" 7340.38784460557 13301.8025529685 -4186282.1083801 5486047.84807365 -2386282.1083801 8710047.84807365 0.0542810195842561 1 3.25138242215338
3440 2 "15686" 7304.22157914658 13413.7808821029 -4186282.1083801 5486047.84807365 -2286282.1083801 8710047.84807365 0.0542810195842561 1 3.25138242215338
3440 3 "27932" 6876.90441114416 4918.18289440218 -4186282.1083801 5486047.84807365 -2186282.1083801 8710047.84807365 0.0542810195842561 1 3.25138242215338
3440 4 "40177" 6442.68488990428 4655.77824846714 -4186282.1083801 5486047.84807365 -2086282.1083801 8710047.84807365 0.0542810195842561 1 3.25138242215338
3440 5 "52421" 6145.57556986308 4918.18289439942 -4186282.1083801 5486047.84807365 -1986282.1083801 8710047.84807365 0.0542810195842561 1 3.25138242215338
3606 1 "3605" 5119.76962235769 16863.4420455056 -4886282.1083801 5362047.84807365 -2386282.1083801 8710047.84807365 0.31455718643818 1 3.58840428887018
3606 2 "15852" 5071.43670054699 11047.2202618784 -4886282.1083801 5362047.84807365 -2286282.1083801 8710047.84807365 0.31455718643818 1 3.58840428887018
3606 3 "28098" 4649.63888266505 8275.45348827172 -4886282.1083801 5362047.84807365 -2186282.1083801 8710047.84807365 0.31455718643818 1 3.58840428887018
3606 4 "40343" 4217.34774471988 4196.14245433723 -4886282.1083801 5362047.84807365 -2086282.1083801 8710047.84807365 0.31455718643818 1 3.58840428887018
3606 5 "52587" 3928.17116205532 8275.45348821027 -4886282.1083801 5362047.84807365 -1986282.1083801 8710047.84807365 0.31455718643818 1 3.58840428887018
1 361 "360" 3677.09820221418 5079.58874367564 -2386282.1083801 8710047.84807365 1113717.8916199 7842047.84807365 0.471728891925041 1 3.55003606746498
1 483 "482" 1452.86047548256 14449.9212082117 -2386282.1083801 8710047.84807365 813717.891619898 7718047.84807365 0.451997137049208 1 3.51734520759854
1 727 "726" 740.146127740283 8302.14987315338 -2386282.1083801 8710047.84807365 9913717.8916199 7594047.84807365 0.257080511668882 1 4.0370334282703
1 1591 "1590" 1909.68386170523 13480.5797911135 -2386282.1083801 8710047.84807365 -10686282.1083801 6850047.84807365 0.451997137049208 1 3.76791332659398
1 1753 "1752" 13707.1490413322 12997.7793709695 -2386282.1083801 8710047.84807365 -9186282.1083801 6726047.84807365 0.451997137049208 1 3.4193703976521
1 1900 "1899" 3475.45896784805 6198.48058893938 -2386282.1083801 8710047.84807365 -10486282.1083801 6602047.84807365 0.451997137049208 1 3.49503882860692
1 1901 "1900" 3804.16917787599 5730.15974636511 -2386282.1083801 8710047.84807365 -10386282.1083801 6602047.84807365 0.451997137049208 1 3.67309569621398
1 1902 "1901" 4162.32398120333 6198.48058879049 -2386282.1083801 8710047.84807365 -10286282.1083801 6602047.84807365 0.451997137049208 1 3.82637106285035
1 2051 "2050" 3706.9906374372 4519.47710640518 -2386282.1083801 8710047.84807365 -9386282.1083801 6478047.84807365 0.451997137049208 1 3.64080968243115
1 2052 "2051" 4068.03887180444 13480.5797910616 -2386282.1083801 8710047.84807365 -9286282.1083801 6478047.84807365 0.451997137049208 1 3.64080968243115
1 2198 "2197" 2158.95985630845 15283.3997396443 -2386282.1083801 8710047.84807365 -11486282.1083801 6354047.84807365 0.171465276452009 1 3.43037263190111
1 2199 "2198" 2085.81431174371 5730.15974624675 -2386282.1083801 8710047.84807365 -9386282.1083801 6354047.84807365 0.451997137049208 1 3.64080968243115
1 2356 "2355" 1848.30717773563 7711.39669603114 -2386282.1083801 8710047.84807365 11513717.8916199 6354047.84807365 0.352166794636731 1 3.80555146474948
1 2361 "2360" 2044.83079186704 6198.48058881898 -2386282.1083801 8710047.84807365 -9686282.1083801 6230047.84807365 0.451997137049208 1 3.71001078106629
1 2362 "2361" 2346.82130351977 13586.0417355353 -2386282.1083801 8710047.84807365 -9586282.1083801 6230047.84807365 0.451997137049208 1 3.49807008223629
1 2363 "2362" 1684.82317914067 6748.87322943872 -2386282.1083801 8710047.84807365 -9486282.1083801 6230047.84807365 0.451997137049208 1 3.49807008223629
1 2531 "2530" 13569.3495151098 9721.0128638669 -2386282.1083801 8710047.84807365 -9686282.1083801 6106047.84807365 0.451997137049208 1 3.71001078106629
1 2932 "2931" 5684.60189116732 11126.1571525279 -2386282.1083801 8710047.84807365 -4186282.1083801 5858047.84807365 0.376357559280505 1 3.66356337985799
1 3048 "3047" 2230.93047602212 11793.8296448782 -2386282.1083801 8710047.84807365 11813717.8916199 5858047.84807365 0.0084831039385479 1 2.96828536177005
1 3097 "3096" 11816.1288895298 7411.10711328752 -2386282.1083801 8710047.84807365 -4786282.1083801 5734047.84807365 0.376357559280505 1 3.16293639911972
1 3439 "3438" 6936.15084232445 5079.58874355577 -2386282.1083801 8710047.84807365 -4286282.1083801 5486047.84807365 0.376357559280505 1 3.37212542684302
1 3554 "3553" 1572.36939527286 15943.0382222313 -2386282.1083801 8710047.84807365 12013717.8916199 5486047.84807365 0.171465276452009 1 3.98316495311019
1 3717 "3716" 3467.00162527401 7711.3966959961 -2386282.1083801 8710047.84807365 11913717.8916199 5362047.84807365 0.0084831039385479 1 3.01579909240047
1 5275 "5274" 7689.12365846495 5079.58874355442 -2386282.1083801 8710047.84807365 -1586282.1083801 3998047.84807365 0.530631181388248 1 4.04353000154021
1 5838 "5837" 3180.36684971881 9260.89492011547 -2386282.1083801 8710047.84807365 11213717.8916199 3626047.84807365 0.180796303057171 1 3.34839714625088
1 5988 "5987" 4308.01304990267 7711.39669591804 -2386282.1083801 8710047.84807365 12013717.8916199 3502047.84807365 0.600381455195089 1 4.31586108652829
1 6011 "6010" 4964.30405075783 8905.90972556606 -2386282.1083801 8710047.84807365 -1586282.1083801 3378047.84807365 0.500055374919535 1 3.86716139609834
1 6012 "6011" 1187.19491454631 13158.5810047497 -2386282.1083801 8710047.84807365 -1486282.1083801 3378047.84807365 0.500055374919535 1 3.99575509508468
1 6288 "6287" 686.934734638127 5179.28479003964 -2386282.1083801 8710047.84807365 -10386282.1083801 3130047.84807365 0.551644020028799 1 4.28275191108852
1 6837 "6836" 613.489143745291 4452.95486274695 -2386282.1083801 8710047.84807365 11113717.8916199 2758047.84807365 0.180796303057171 1 4.04742112635078
1 6842 "6841" 1439.39346747956 7573.0338887615 -2386282.1083801 8710047.84807365 -10186282.1083801 2634047.84807365 0.62125533480748 1 Inf
1 7480 "7479" 1456.85920138015 16863.4420455441 -2386282.1083801 8710047.84807365 -5986282.1083801 2014047.84807365 0.600381455195089 1 4.40415805216977
1 7691 "7690" 8514.89233558194 9688.82498314097 -2386282.1083801 8710047.84807365 -5986282.1083801 1766047.84807365 0.637820364060153 1 3.8616962378576
1 7861 "7860" 6436.58107207235 13480.5797911565 -2386282.1083801 8710047.84807365 9113717.8916199 1642047.84807365 0.600381455195089 1 3.29976098457616
1 7950 "7949" 7595.12270703885 10335.8061776178 -2386282.1083801 8710047.84807365 5313717.8916199 1518047.84807365 0.637150354469047 1 3.83799673101431
1 7958 "7957" 9101.1422792416 8661.29557369869 -2386282.1083801 8710047.84807365 9213717.8916199 1518047.84807365 0.456114111989385 1 4.48484944065487
1 8061 "8060" 399.349230239854 6071.51063624542 -2386282.1083801 8710047.84807365 9213717.8916199 1394047.84807365 0.600381455195089 1 4.48484944065487
1 8277 "8276" 697.874603735154 9260.8949201077 -2386282.1083801 8710047.84807365 12313717.8916199 1146047.84807365 0.600381455195089 1 4.6459472861326
1 8378 "8377" 851.081173966978 11126.1571526212 -2386282.1083801 8710047.84807365 10413717.8916199 1022047.84807365 0.600381455195089 1 3.19161050614709
1 8476 "8475" 1054.32584830948 11407.0716916704 -2386282.1083801 8710047.84807365 9313717.8916199 898047.84807365 0.600381455195089 1 4.08466762709927
1 8586 "8585" 7011.94453774999 12129.5470426854 -2386282.1083801 8710047.84807365 12213717.8916199 774047.84807365 0.600381455195089 1 3.98445766635208
1 8684 "8683" 10065.2106964161 5079.58874357155 -2386282.1083801 8710047.84807365 12013717.8916199 650047.84807365 0.492502832576115 1 3.61547894347519
1 8766 "8765" 838.869929467762 8492.62147888125 -2386282.1083801 8710047.84807365 10013717.8916199 526047.84807365 0.600381455195089 1 4.0767031812437
1 9131 "9130" 1221.90245642336 13158.5810047377 -2386282.1083801 8710047.84807365 13013717.8916199 30047.8480736502 0.623358963612281 1 4.48858629822641
1 9220 "9219" 5473.88602928912 11407.0716916945 -2386282.1083801 8710047.84807365 12113717.8916199 -93952.1519263498 0.648439693065415 1 4.32641004846777
1 9223 "9222" 5625.53772124284 13480.5797911089 -2386282.1083801 8710047.84807365 12713717.8916199 -93952.1519263498 0.595949012677471 1 3.99491298612266
1 9320 "9319" 11493.2162463253 9688.82498304165 -2386282.1083801 8710047.84807365 12313717.8916199 -217952.15192635 0.600381455195089 1 3.71692448655593
1 9444 "9443" 6329.64902654251 12129.5470427279 -2386282.1083801 8710047.84807365 15013717.8916199 -341952.15192635 0.627854049148612 1 4.33001075521193
1 9552 "9551" 2069.06844978604 5079.58874359243 -2386282.1083801 8710047.84807365 14513717.8916199 -465952.15192635 0.600381455195089 1 3.83872992531924
1 9632 "9631" 10120.4976471482 15943.0382222763 -2386282.1083801 8710047.84807365 5613717.8916199 -589952.15192635 0.589973663953293 1 3.85282392970828
1 9732 "9731" 6423.16405491049 15283.3997396848 -2386282.1083801 8710047.84807365 10213717.8916199 -713952.15192635 0.537993253351283 1 Inf
1 9760 "9759" 3237.09839519224 8905.90972555741 -2386282.1083801 8710047.84807365 15413717.8916199 -713952.15192635 0.600381455195089 1 3.83856759268618
1 9959 "9958" 3376.83440293423 12997.7793709676 -2386282.1083801 8710047.84807365 15613717.8916199 -961952.15192635 0.581500378252375 1 4.41769860085569
1 9961 "9960" 5937.74079627898 6748.87322951602 -2386282.1083801 8710047.84807365 15813717.8916199 -961952.15192635 0.648439693065415 1 4.43870031852105
1 10055 "10054" 7391.70973055029 10335.806177634 -2386282.1083801 8710047.84807365 14513717.8916199 -1085952.15192635 0.600381455195089 1 4.25431553729843
1 10062 "10061" 10358.1176503842 6071.51063623702 -2386282.1083801 8710047.84807365 15713717.8916199 -1085952.15192635 0.648439693065415 1 4.17494896464221
1 10147 "10146" 11647.4062317487 8905.90972556088 -2386282.1083801 8710047.84807365 15813717.8916199 -1209952.15192635 0.600381455195089 1 4.90203821717985
1 10148 "10147" 11860.1418637211 8905.90972558631 -2386282.1083801 8710047.84807365 15913717.8916199 -1209952.15192635 0.600381455195089 1 4.38746549415178
1 10221 "10220" 4384.84905138327 1983.54212310894 -2386282.1083801 8710047.84807365 12213717.8916199 -1333952.15192635 0.600381455195089 1 3.93752479584249
1 10297 "10296" 16247.4061748373 7411.10711330742 -2386282.1083801 8710047.84807365 4313717.8916199 -1457952.15192635 0.548145832187015 1 4.19544477584365
1 10298 "10297" 16873.7425244712 8302.14987309162 -2386282.1083801 8710047.84807365 4413717.8916199 -1457952.15192635 0.548145832187015 1 4.19544477584365
1 10473 "10472" 3961.56170044718 8302.14987313069 -2386282.1083801 8710047.84807365 16413717.8916199 -1705952.15192635 0.532236657575276 1 4.62602108106169
1 10545 "10544" 12389.7989531147 0 -2386282.1083801 8710047.84807365 12213717.8916199 -1829952.15192635 0.600381455195089 1 4.17149290494094
1 10561 "10560" 3137.36222103442 13586.0417354541 -2386282.1083801 8710047.84807365 16313717.8916199 -1829952.15192635 0.648439693065415 1 4.04855602419827
1 10654 "10653" 2407.70880676414 5079.58874359181 -2386282.1083801 8710047.84807365 16313717.8916199 -1953952.15192635 0.648439693065415 1 4.04855602419827
1 10656 "10655" 3567.63244412444 16863.4420456296 -2386282.1083801 8710047.84807365 17513717.8916199 -1953952.15192635 0.532236657575276 1 4.39542033377579
1 10723 "10722" 5461.37070286503 17320.4192745116 -2386282.1083801 8710047.84807365 4613717.8916199 -2077952.15192635 0.648439693065415 1 3.46027138696511
1 10751 "10750" 1282.63374246296 9721.01286390524 -2386282.1083801 8710047.84807365 17313717.8916199 -2077952.15192635 0.532236657575276 1 4.39542033377579
1 10752 "10751" 4958.60808398106 9721.01286379449 -2386282.1083801 8710047.84807365 17413717.8916199 -2077952.15192635 0.55940664869498 1 4.71689049098686
1 10753 "10752" 4939.08157849593 5079.58874356181 -2386282.1083801 8710047.84807365 17513717.8916199 -2077952.15192635 0.648439693065415 1 4.71689049098686
1 10845 "10844" 14301.7836232945 12893.9233646359 -2386282.1083801 8710047.84807365 16413717.8916199 -2201952.15192635 0.64009913921698 1 4.21647328065851
1 10846 "10845" 15057.1347277261 8492.62147889896 -2386282.1083801 8710047.84807365 17213717.8916199 -2201952.15192635 0.55940664869498 1 4.71689049098686
1 10847 "10846" 16373.7181755831 9721.01286381772 -2386282.1083801 8710047.84807365 17313717.8916199 -2201952.15192635 0.55940664869498 1 4.71689049098686
1 10903 "10902" 20864.5149312458 13480.5797911528 -2386282.1083801 8710047.84807365 4413717.8916199 -2325952.15192635 0.648439693065415 1 3.43882209551664
1 10934 "10933" 9733.97319416067 6071.51063629769 -2386282.1083801 8710047.84807365 16413717.8916199 -2325952.15192635 0.55940664869498 1 4.85767168962144
1 10989 "10988" 7824.26783744557 9688.82498321508 -2386282.1083801 8710047.84807365 4413717.8916199 -2449952.15192635 0.648439693065415 1 3.48520987495374
1 10993 "10992" 11062.8106020013 11793.8296448215 -2386282.1083801 8710047.84807365 5513717.8916199 -2449952.15192635 0.596665346903024 1 3.91169674872286
1 11079 "11078" 1461.1710043393 11126.1571526266 -2386282.1083801 8710047.84807365 4413717.8916199 -2573952.15192635 0.648439693065415 1 3.41472605043522
1 11116 "11115" 13284.2028127359 13480.5797911275 -2386282.1083801 8710047.84807365 15813717.8916199 -2573952.15192635 0.648439693065415 1 4.72398818542846
1 11117 "11116" 15379.0870747681 7711.39669593068 -2386282.1083801 8710047.84807365 15913717.8916199 -2573952.15192635 0.596665346903024 1 4.39605290746757
1 11171 "11170" 14011.8653375575 7573.03388873296 -2386282.1083801 8710047.84807365 4413717.8916199 -2697952.15192635 0.648439693065415 1 3.47690462580454
1 11473 "11472" 19152.2920558047 10335.8061776453 -2386282.1083801 8710047.84807365 14413717.8916199 -3069952.15192635 0.600381455195089 1 4.01460561555059
1 11474 "11473" 18865.4960129219 11793.8296448144 -2386282.1083801 8710047.84807365 -6686282.1083801 -3193952.15192635 0.523615280126096 1 3.5130184219122
1 11687 "11686" 13940.8659271733 10335.8061776012 -2386282.1083801 8710047.84807365 12813717.8916199 -3441952.15192635 0.600381455195089 1 3.45681262065531
1 11688 "11687" 13730.4730854717 12893.9233646555 -2386282.1083801 8710047.84807365 12913717.8916199 -3441952.15192635 0.600381455195089 1 3.45681262065531
1 11762 "11761" 12692.0320002678 12893.9233646297 -2386282.1083801 8710047.84807365 12913717.8916199 -3565952.15192635 0.600381455195089 1 3.45318583673266
1 11877 "11876" 14193.9056412481 13301.8025529809 -2386282.1083801 8710047.84807365 10613717.8916199 -3813952.15192635 0.648439693065415 1 4.05490756868644
1 11878 "11877" 13845.2312835248 5179.28479001437 -2386282.1083801 8710047.84807365 10713717.8916199 -3813952.15192635 0.648439693065415 1 4.05490756868644
1 11943 "11942" 2360.94760931441 9721.01286383646 -2386282.1083801 8710047.84807365 10613717.8916199 -3937952.15192635 0.648439693065415 1 3.3010623122216
1 11998 "11997" 2228.73111153422 11126.157152407 -2386282.1083801 8710047.84807365 10213717.8916199 -4061952.15192635 0.648439693065415 1 4.05490756868644
1 12001 "12000" 3062.54975034923 6198.48058870451 -2386282.1083801 8710047.84807365 10513717.8916199 -4061952.15192635 0.648439693065415 1 3.3010623122216
1 12019 "12018" 12563.2858412704 9688.82498286849 -2386282.1083801 8710047.84807365 13213717.8916199 -4061952.15192635 0.648439693065415 1 4.10365097850073
1 12045 "12044" 1378.01948144619 13358.8645883571 -2386282.1083801 8710047.84807365 10213717.8916199 -4185952.15192635 0.648439693065415 1 4.05490756868644
1 12052 "12051" 3286.48686047379 8661.29557368366 -2386282.1083801 8710047.84807365 12213717.8916199 -4185952.15192635 0.456114111989385 1 4.55551847065098
1 12053 "12052" 3977.47901489431 17320.4192744359 -2386282.1083801 8710047.84807365 12313717.8916199 -4185952.15192635 0.549072071851642 1 4.36912799987159
1 12059 "12058" 2885.77684951839 12893.9233646786 -2386282.1083801 8710047.84807365 12913717.8916199 -4185952.15192635 0.648439693065415 1 3.90072184097908
1 12060 "12059" 7105.31239289647 7411.1071133251 -2386282.1083801 8710047.84807365 13013717.8916199 -4185952.15192635 0.648439693065415 1 3.90072184097908
1 12082 "12081" 12803.1110169332 9721.01286385626 -2386282.1083801 8710047.84807365 12213717.8916199 -4309952.15192635 0.627294422944358 1 4.37475001649434
1 12088 "12087" 3824.80748775877 8492.62147894173 -2386282.1083801 8710047.84807365 12813717.8916199 -4309952.15192635 0.648439693065415 1 4.01328400601236
1 12093 "12092" 581.489068917159 11126.1571525229 -2386282.1083801 8710047.84807365 13313717.8916199 -4309952.15192635 0.648439693065415 1 3.90072184097908
1 12136 "12135" 14124.1858150932 9256.01061579427 -2386282.1083801 8710047.84807365 12113717.8916199 -4557952.15192635 0.565982523939104 1 4.3973329849878
1 12138 "12137" 10476.8361858817 4452.95486275509 -2386282.1083801 8710047.84807365 12313717.8916199 -4557952.15192635 0.600381455195089 1 4.17094219418172
1 12164 "12163" 6032.90374799722 14449.9212082221 -2386282.1083801 8710047.84807365 12513717.8916199 -4681952.15192635 0.648439693065415 1 4.36980143316675
1 12165 "12164" 6620.9322804984 5079.58874348951 -2386282.1083801 8710047.84807365 12613717.8916199 -4681952.15192635 0.648439693065415 1 4.14064085870221
2 361 "12607" 3718.79073140181 7554.86328475505 -2286282.1083801 8710047.84807365 1113717.8916199 7842047.84807365 0.471728891925041 1 3.55003606746498
2 483 "12729" 1532.12499275883 16130.9329471169 -2286282.1083801 8710047.84807365 813717.891619898 7718047.84807365 0.451997137049208 1 3.51734520759854
2 727 "12973" 962.549560330889 8418.41821113534 -2286282.1083801 8710047.84807365 9913717.8916199 7594047.84807365 0.257080511668882 1 4.0370334282703
2 1591 "13837" 1779.06555034154 5730.15974634885 -2286282.1083801 8710047.84807365 -10686282.1083801 6850047.84807365 0.451997137049208 1 3.76791332659398
2 1753 "13999" 13683.193353791 13413.7808821222 -2286282.1083801 8710047.84807365 -9186282.1083801 6726047.84807365 0.451997137049208 1 3.4193703976521
2 1900 "14146" 3475.30769572519 15390.5007064195 -2286282.1083801 8710047.84807365 -10486282.1083801 6602047.84807365 0.451997137049208 1 3.49503882860692
2 1901 "14147" 3804.05849014033 12577.0968028734 -2286282.1083801 8710047.84807365 -10386282.1083801 6602047.84807365 0.451997137049208 1 3.67309569621398
2 1902 "14148" 4167.58685384887 8063.58668966162 -2286282.1083801 8710047.84807365 -10286282.1083801 6602047.84807365 0.451997137049208 1 3.82637106285035
2 2051 "14297" 3713.55705574302 9553.27218084368 -2286282.1083801 8710047.84807365 -9386282.1083801 6478047.84807365 0.451997137049208 1 3.64080968243115
2 2052 "14298" 4078.90272074416 9260.89492034303 -2286282.1083801 8710047.84807365 -9286282.1083801 6478047.84807365 0.451997137049208 1 3.64080968243115
2 2198 "14444" 2247.15378343041 6151.98826823173 -2286282.1083801 8710047.84807365 -11486282.1083801 6354047.84807365 0.171465276452009 1 3.43037263190111
2 2199 "14445" 2180.13429602971 3747.62687789573 -2286282.1083801 8710047.84807365 -9386282.1083801 6354047.84807365 0.451997137049208 1 3.64080968243115
2 2356 "14602" 1949.0143051708 13358.8645884029 -2286282.1083801 8710047.84807365 11513717.8916199 6354047.84807365 0.352166794636731 1 3.80555146474948
2 2361 "14607" 1915.54262803266 8063.58668961807 -2286282.1083801 8710047.84807365 -9686282.1083801 6230047.84807365 0.451997137049208 1 3.71001078106629
2 2362 "14608" 2221.48112612837 5372.66301339226 -2286282.1083801 8710047.84807365 -9586282.1083801 6230047.84807365 0.451997137049208 1 3.49807008223629
2 2363 "14609" 1580.13526671714 4179.70265791633 -2286282.1083801 8710047.84807365 -9486282.1083801 6230047.84807365 0.451997137049208 1 3.49807008223629
2 2531 "14777" 13543.307371544 16130.9329469426 -2286282.1083801 8710047.84807365 -9686282.1083801 6106047.84807365 0.451997137049208 1 3.71001078106629
2 2932 "15178" 5639.23140097154 1983.54212312889 -2286282.1083801 8710047.84807365 -4186282.1083801 5858047.84807365 0.376357559280505 1 3.66356337985799
2 3048 "15294" 2084.76987407593 17811.8194511618 -2286282.1083801 8710047.84807365 11813717.8916199 5858047.84807365 0.0084831039385479 1 2.96828536177005
2 3097 "15343" 11795.2153344767 4452.95486281045 -2286282.1083801 8710047.84807365 -4786282.1083801 5734047.84807365 0.376357559280505 1 3.16293639911972
2 3439 "15685" 6898.39938383916 6292.26667406293 -2286282.1083801 8710047.84807365 -4286282.1083801 5486047.84807365 0.376357559280505 1 3.37212542684302
2 3554 "15800" 1404.41865308208 14776.677724232 -2286282.1083801 8710047.84807365 12013717.8916199 5486047.84807365 0.171465276452009 1 3.98316495311019
2 3717 "15963" 3437.92554479546 13358.8645883418 -2286282.1083801 8710047.84807365 11913717.8916199 5362047.84807365 0.0084831039385479 1 3.01579909240047
2 5275 "17521" 7650.58974607813 6292.26667405408 -2286282.1083801 8710047.84807365 -1586282.1083801 3998047.84807365 0.530631181388248 1 4.04353000154021
2 5838 "18084" 3198.60501983242 0 -2286282.1083801 8710047.84807365 11213717.8916199 3626047.84807365 0.180796303057171 1 3.34839714625088
2 5988 "18234" 4341.33806030974 13358.8645883652 -2286282.1083801 8710047.84807365 12013717.8916199 3502047.84807365 0.600381455195089 1 4.31586108652829
2 6011 "18257" 4932.67215843169 6292.26667412013 -2286282.1083801 8710047.84807365 -1586282.1083801 3378047.84807365 0.500055374919535 1 3.86716139609834
2 6012 "18258" 1143.41274411675 13358.8645883512 -2286282.1083801 8710047.84807365 -1486282.1083801 3378047.84807365 0.500055374919535 1 3.99575509508468
2 6288 "18534" 466.911259774863 8418.41821105607 -2286282.1083801 8710047.84807365 -10386282.1083801 3130047.84807365 0.551644020028799 1 4.28275191108852
2 6837 "19083" 547.206161506829 7131.25964344537 -2286282.1083801 8710047.84807365 11113717.8916199 2758047.84807365 0.180796303057171 1 4.04742112635078
2 6842 "19088" 1395.36731404385 6151.98826791838 -2286282.1083801 8710047.84807365 -10186282.1083801 2634047.84807365 0.62125533480748 1 Inf
2 7480 "19726" 1415.17807212469 11047.2202619235 -2286282.1083801 8710047.84807365 -5986282.1083801 2014047.84807365 0.600381455195089 1 4.40415805216977
2 7691 "19937" 8490.15003995849 5372.66301335397 -2286282.1083801 8710047.84807365 -5986282.1083801 1766047.84807365 0.637820364060153 1 3.8616962378576
2 7861 "20107" 6424.62506132199 9260.89492033377 -2286282.1083801 8710047.84807365 9113717.8916199 1642047.84807365 0.600381455195089 1 3.29976098457616
2 7950 "20196" 7578.95734880659 17610.7276355662 -2286282.1083801 8710047.84807365 5313717.8916199 1518047.84807365 0.637150354469047 1 3.83799673101431
2 7958 "20204" 9075.98320047839 14776.6777240449 -2286282.1083801 8710047.84807365 9213717.8916199 1518047.84807365 0.456114111989385 1 4.48484944065487
2 8061 "20307" 341.147043753362 5025.53389030918 -2286282.1083801 8710047.84807365 9213717.8916199 1394047.84807365 0.600381455195089 1 4.48484944065487
2 8277 "20523" 819.401570712305 0.000134414476389852 -2286282.1083801 8710047.84807365 12313717.8916199 1146047.84807365 0.600381455195089 1 4.6459472861326
2 8378 "20624" 803.786862213966 12129.5470426954 -2286282.1083801 8710047.84807365 10413717.8916199 1022047.84807365 0.600381455195089 1 3.19161050614709
2 8476 "20722" 1137.33901416055 16632.4527390839 -2286282.1083801 8710047.84807365 9313717.8916199 898047.84807365 0.600381455195089 1 4.08466762709927
2 8586 "20832" 6991.70388189403 10499.2492220546 -2286282.1083801 8710047.84807365 12213717.8916199 774047.84807365 0.600381455195089 1 3.98445766635208
2 8684 "20930" 10038.6386571097 6292.26667408069 -2286282.1083801 8710047.84807365 12013717.8916199 650047.84807365 0.492502832576115 1 3.61547894347519
2 8766 "21012" 1011.76529185548 5025.53389034637 -2286282.1083801 8710047.84807365 10013717.8916199 526047.84807365 0.600381455195089 1 4.0767031812437
2 9131 "21377" 1265.93934509941 13358.8645884037 -2286282.1083801 8710047.84807365 13013717.8916199 30047.8480736502 0.623358963612281 1 4.48858629822641
2 9220 "21466" 5489.09571722504 16632.4527390975 -2286282.1083801 8710047.84807365 12113717.8916199 -93952.1519263498 0.648439693065415 1 4.32641004846777
2 9223 "21469" 5637.12221492521 5730.15974636811 -2286282.1083801 8710047.84807365 12713717.8916199 -93952.1519263498 0.595949012677471 1 3.99491298612266
2 9320 "21566" 11468.462739684 5372.66301342785 -2286282.1083801 8710047.84807365 12313717.8916199 -217952.15192635 0.600381455195089 1 3.71692448655593
2 9444 "21690" 6326.59886615447 10499.2492220026 -2286282.1083801 8710047.84807365 15013717.8916199 -341952.15192635 0.627854049148612 1 4.33001075521193
2 9552 "21798" 2175.73807173557 7554.86328471953 -2286282.1083801 8710047.84807365 14513717.8916199 -465952.15192635 0.600381455195089 1 3.83872992531924
2 9632 "21878" 10106.6790791782 14776.6777241988 -2286282.1083801 8710047.84807365 5613717.8916199 -589952.15192635 0.589973663953293 1 3.85282392970828
2 9732 "21978" 6427.72287872237 13300.2498922044 -2286282.1083801 8710047.84807365 10213717.8916199 -713952.15192635 0.537993253351283 1 Inf
2 9760 "22006" 3295.95076887257 6292.26667411562 -2286282.1083801 8710047.84807365 15413717.8916199 -713952.15192635 0.600381455195089 1 3.83856759268618
2 9959 "22205" 3423.46553599437 13823.1940969457 -2286282.1083801 8710047.84807365 15613717.8916199 -961952.15192635 0.581500378252375 1 4.41769860085569
2 9961 "22207" 5944.9793715885 4179.70265794935 -2286282.1083801 8710047.84807365 15813717.8916199 -961952.15192635 0.648439693065415 1 4.43870031852105
2 10055 "22301" 7384.58332133261 17610.7276355535 -2286282.1083801 8710047.84807365 14513717.8916199 -1085952.15192635 0.600381455195089 1 4.25431553729843
2 10062 "22308" 10341.9642679782 5025.53389022849 -2286282.1083801 8710047.84807365 15713717.8916199 -1085952.15192635 0.648439693065415 1 4.17494896464221
2 10147 "22393" 11625.096117982 13435.9194629252 -2286282.1083801 8710047.84807365 15813717.8916199 -1209952.15192635 0.600381455195089 1 4.90203821717985
2 10148 "22394" 11837.9160530187 6292.26667415008 -2286282.1083801 8710047.84807365 15913717.8916199 -1209952.15192635 0.600381455195089 1 4.38746549415178
2 10221 "22467" 4417.11537696165 10499.2492218418 -2286282.1083801 8710047.84807365 12213717.8916199 -1333952.15192635 0.600381455195089 1 3.93752479584249
2 10297 "22543" 16217.4861784774 4452.95486277301 -2286282.1083801 8710047.84807365 4313717.8916199 -1457952.15192635 0.548145832187015 1 4.19544477584365
2 10298 "22544" 16843.5499530981 4179.70265798994 -2286282.1083801 8710047.84807365 4413717.8916199 -1457952.15192635 0.548145832187015 1 4.19544477584365
2 10473 "22719" 3982.2141621152 4179.70265794852 -2286282.1083801 8710047.84807365 16413717.8916199 -1705952.15192635 0.532236657575276 1 4.62602108106169
2 10545 "22791" 12362.2160538125 9260.89492006825 -2286282.1083801 8710047.84807365 12213717.8916199 -1829952.15192635 0.600381455195089 1 4.17149290494094
2 10561 "22807" 3129.68690909057 5372.66301336332 -2286282.1083801 8710047.84807365 16313717.8916199 -1829952.15192635 0.648439693065415 1 4.04855602419827
2 10654 "22900" 2389.55948045115 7554.86328476436 -2286282.1083801 8710047.84807365 16313717.8916199 -1953952.15192635 0.648439693065415 1 4.04855602419827
2 10656 "22902" 3544.04484650774 13435.9194630958 -2286282.1083801 8710047.84807365 17513717.8916199 -1953952.15192635 0.532236657575276 1 4.39542033377579
2 10723 "22969" 5462.53509390923 11668.7270398453 -2286282.1083801 8710047.84807365 4613717.8916199 -2077952.15192635 0.648439693065415 1 3.46027138696511
2 10751 "22997" 1168.55983113673 16130.9329470353 -2286282.1083801 8710047.84807365 17313717.8916199 -2077952.15192635 0.532236657575276 1 4.39542033377579
2 10752 "22998" 4963.21781619921 11047.2202618058 -2286282.1083801 8710047.84807365 17413717.8916199 -2077952.15192635 0.55940664869498 1 4.71689049098686
2 10753 "22999" 4943.34315302879 7554.8632847749 -2286282.1083801 8710047.84807365 17513717.8916199 -2077952.15192635 0.648439693065415 1 4.71689049098686
2 10845 "23091" 14272.8044136622 13716.0384127167 -2286282.1083801 8710047.84807365 16413717.8916199 -2201952.15192635 0.64009913921698 1 4.21647328065851
2 10846 "23092" 15027.0399631412 5025.53389030089 -2286282.1083801 8710047.84807365 17213717.8916199 -2201952.15192635 0.55940664869498 1 4.71689049098686
2 10847 "23093" 16343.291831652 11047.2202617755 -2286282.1083801 8710047.84807365 17313717.8916199 -2201952.15192635 0.55940664869498 1 4.71689049098686
2 10903 "23149" 20832.607892208 9260.89492020733 -2286282.1083801 8710047.84807365 4413717.8916199 -2325952.15192635 0.648439693065415 1 3.43882209551664
2 10934 "23180" 9722.32432285392 8323.56082560372 -2286282.1083801 8710047.84807365 16413717.8916199 -2325952.15192635 0.55940664869498 1 4.85767168962144
2 10989 "23235" 7815.91608343617 17811.819451173 -2286282.1083801 8710047.84807365 4413717.8916199 -2449952.15192635 0.648439693065415 1 3.48520987495374
2 10993 "23239" 11048.052674453 9585.56385976885 -2286282.1083801 8710047.84807365 5513717.8916199 -2449952.15192635 0.596665346903024 1 3.91169674872286
2 11079 "23325" 1496.43327594964 12129.5470427437 -2286282.1083801 8710047.84807365 4413717.8916199 -2573952.15192635 0.648439693065415 1 3.41472605043522
2 11116 "23362" 13254.2579191586 5730.15974638603 -2286282.1083801 8710047.84807365 15813717.8916199 -2573952.15192635 0.648439693065415 1 4.72398818542846
2 11117 "23363" 15346.7283676269 1983.54212290601 -2286282.1083801 8710047.84807365 15913717.8916199 -2573952.15192635 0.596665346903024 1 4.39605290746757
2 11171 "23417" 13980.3655621171 6151.98826806651 -2286282.1083801 8710047.84807365 4413717.8916199 -2697952.15192635 0.648439693065415 1 3.47690462580454
2 11473 "23719" 19118.7166409453 17610.7276355536 -2286282.1083801 8710047.84807365 14413717.8916199 -3069952.15192635 0.600381455195089 1 4.01460561555059
2 11474 "23720" 18834.0728360205 9585.56385977733 -2286282.1083801 8710047.84807365 -6686282.1083801 -3193952.15192635 0.523615280126096 1 3.5130184219122
2 11687 "23933" 13915.5457072859 17610.7276356014 -2286282.1083801 8710047.84807365 12813717.8916199 -3441952.15192635 0.600381455195089 1 3.45681262065531
2 11688 "23934" 13705.9618545447 13554.1048747031 -2286282.1083801 8710047.84807365 12913717.8916199 -3441952.15192635 0.600381455195089 1 3.45681262065531
2 11762 "24008" 12668.677983725 13716.0384127179 -2286282.1083801 8710047.84807365 12913717.8916199 -3565952.15192635 0.600381455195089 1 3.45318583673266
2 11877 "24123" 14165.2849318899 13716.0384127236 -2286282.1083801 8710047.84807365 10613717.8916199 -3813952.15192635 0.648439693065415 1 4.05490756868644
2 11878 "24124" 13814.1519362082 5484.8527066228 -2286282.1083801 8710047.84807365 10713717.8916199 -3813952.15192635 0.648439693065415 1 4.05490756868644
2 11943 "24189" 2133.58168567124 11047.2202618262 -2286282.1083801 8710047.84807365 10613717.8916199 -3937952.15192635 0.648439693065415 1 3.3010623122216
2 11998 "24244" 2155.759310415 1983.54212296764 -2286282.1083801 8710047.84807365 10213717.8916199 -4061952.15192635 0.648439693065415 1 4.05490756868644
2 12001 "24247" 3027.28810016011 8063.58668974599 -2286282.1083801 8710047.84807365 10513717.8916199 -4061952.15192635 0.648439693065415 1 3.3010623122216
2 12019 "24265" 12536.4895013903 5372.66301338617 -2286282.1083801 8710047.84807365 13213717.8916199 -4061952.15192635 0.648439693065415 1 4.10365097850073
2 12045 "24291" 1260.49918878973 13554.1048747058 -2286282.1083801 8710047.84807365 10213717.8916199 -4185952.15192635 0.648439693065415 1 4.05490756868644
2 12052 "24298" 3251.59124195261 11934.9845276373 -2286282.1083801 8710047.84807365 12213717.8916199 -4185952.15192635 0.456114111989385 1 4.55551847065098
2 12053 "24299" 3943.54426318292 11668.7270398954 -2286282.1083801 8710047.84807365 12313717.8916199 -4185952.15192635 0.549072071851642 1 4.36912799987159
2 12059 "24305" 2729.48884884201 13716.0384126924 -2286282.1083801 8710047.84807365 12913717.8916199 -4185952.15192635 0.648439693065415 1 3.90072184097908
2 12060 "24306" 7077.94356142752 8323.56082566234 -2286282.1083801 8710047.84807365 13013717.8916199 -4185952.15192635 0.648439693065415 1 3.90072184097908
2 12082 "24328" 12775.8124912323 16130.9329469979 -2286282.1083801 8710047.84807365 12213717.8916199 -4309952.15192635 0.627294422944358 1 4.37475001649434
2 12088 "24334" 3602.80234312848 7554.86328486514 -2286282.1083801 8710047.84807365 12813717.8916199 -4309952.15192635 0.648439693065415 1 4.01328400601236
2 12093 "24339" 532.327561804259 1983.5421231278 -2286282.1083801 8710047.84807365 13313717.8916199 -4309952.15192635 0.648439693065415 1 3.90072184097908
2 12136 "24382" 14095.9359198488 7131.25964356025 -2286282.1083801 8710047.84807365 12113717.8916199 -4557952.15192635 0.565982523939104 1 4.3973329849878
2 12138 "24384" 10454.0263094607 7131.25964344124 -2286282.1083801 8710047.84807365 12313717.8916199 -4557952.15192635 0.600381455195089 1 4.17094219418172
2 12164 "24410" 5990.9168393989 9585.56385974845 -2286282.1083801 8710047.84807365 12513717.8916199 -4681952.15192635 0.648439693065415 1 4.36980143316675
2 12165 "24411" 6589.68217549835 6292.26667406121 -2286282.1083801 8710047.84807365 12613717.8916199 -4681952.15192635 0.648439693065415 1 4.14064085870221
3 361 "24853" 3327.90064955787 13719.3597910197 -2186282.1083801 8710047.84807365 1113717.8916199 7842047.84807365 0.471728891925041 1 3.55003606746498
3 483 "24975" 1225.77137983621 4196.14245427314 -2186282.1083801 8710047.84807365 813717.891619898 7718047.84807365 0.451997137049208 1 3.51734520759854
3 727 "25219" 1223.20676924694 13811.3111868548 -2186282.1083801 8710047.84807365 9913717.8916199 7594047.84807365 0.257080511668882 1 4.0370334282703
3 1591 "26083" 2093.64853433163 15943.0382221919 -2186282.1083801 8710047.84807365 -10686282.1083801 6850047.84807365 0.451997137049208 1 3.76791332659398
3 1753 "26245" 13254.0756605813 4815.92591557131 -2186282.1083801 8710047.84807365 -9186282.1083801 6726047.84807365 0.451997137049208 1 3.4193703976521
3 1900 "26392" 3055.36206236846 4387.93039052423 -2186282.1083801 8710047.84807365 -10486282.1083801 6602047.84807365 0.451997137049208 1 3.49503882860692
3 1901 "26393" 3384.06764776109 8905.90972561314 -2186282.1083801 8710047.84807365 -10386282.1083801 6602047.84807365 0.451997137049208 1 3.67309569621398
3 1902 "26394" 3750.01687427964 9750.29939899992 -2186282.1083801 8710047.84807365 -10286282.1083801 6602047.84807365 0.451997137049208 1 3.82637106285035
3 2051 "26543" 3296.48097037907 8626.0622166865 -2186282.1083801 8710047.84807365 -9386282.1083801 6478047.84807365 0.451997137049208 1 3.64080968243115
3 2052 "26544" 3663.95723421166 12991.7407297891 -2186282.1083801 8710047.84807365 -9286282.1083801 6478047.84807365 0.451997137049208 1 3.64080968243115
3 2198 "26690" 1916.78277157989 13533.2582340162 -2186282.1083801 8710047.84807365 -11486282.1083801 6354047.84807365 0.171465276452009 1 3.43037263190111
3 2199 "26691" 1859.83117703434 14776.6777241981 -2186282.1083801 8710047.84807365 -9386282.1083801 6354047.84807365 0.451997137049208 1 3.64080968243115
3 2356 "26848" 1649.36945125228 8661.29557370048 -2186282.1083801 8710047.84807365 11513717.8916199 6354047.84807365 0.352166794636731 1 3.80555146474948
3 2361 "26853" 2250.0665082663 9750.299399039 -2186282.1083801 8710047.84807365 -9686282.1083801 6230047.84807365 0.451997137049208 1 3.71001078106629
3 2362 "26854" 2516.55276755928 13358.8645883565 -2186282.1083801 8710047.84807365 -9586282.1083801 6230047.84807365 0.451997137049208 1 3.49807008223629
3 2363 "26855" 1950.78443972113 16888.012958351 -2186282.1083801 8710047.84807365 -9486282.1083801 6230047.84807365 0.451997137049208 1 3.49807008223629
3 2531 "27023" 13114.0944818218 1503.48298782973 -2186282.1083801 8710047.84807365 -9686282.1083801 6106047.84807365 0.451997137049208 1 3.71001078106629
3 2932 "27424" 5214.09909987809 17811.8194511148 -2186282.1083801 8710047.84807365 -4186282.1083801 5858047.84807365 0.376357559280505 1 3.66356337985799
3 3048 "27540" 2347.86237629552 1503.48298780363 -2186282.1083801 8710047.84807365 11813717.8916199 5858047.84807365 0.0084831039385479 1 2.96828536177005
3 3097 "27589" 11366.4087636012 17146.4536184906 -2186282.1083801 8710047.84807365 -4786282.1083801 5734047.84807365 0.376357559280505 1 3.16293639911972
3 3439 "27931" 6472.18365896187 14701.9634124684 -2186282.1083801 8710047.84807365 -4286282.1083801 5486047.84807365 0.376357559280505 1 3.37212542684302
3 3554 "28046" 1692.34029660694 5689.71593740989 -2186282.1083801 8710047.84807365 12013717.8916199 5486047.84807365 0.171465276452009 1 3.98316495311019
3 3717 "28209" 3020.20000072992 8661.29557375663 -2186282.1083801 8710047.84807365 11913717.8916199 5362047.84807365 0.0084831039385479 1 3.01579909240047
3 5275 "29767" 7221.3332955831 14701.9634124738 -2186282.1083801 8710047.84807365 -1586282.1083801 3998047.84807365 0.530631181388248 1 4.04353000154021
3 5838 "30330" 2792.25863731913 17610.7276355524 -2186282.1083801 8710047.84807365 11213717.8916199 3626047.84807365 0.180796303057171 1 3.34839714625088
3 5988 "30480" 3941.61124387715 8661.29557371202 -2186282.1083801 8710047.84807365 12013717.8916199 3502047.84807365 0.600381455195089 1 4.31586108652829
3 6011 "30503" 4509.27806577254 16025.374320058 -2186282.1083801 8710047.84807365 -1586282.1083801 3378047.84807365 0.500055374919535 1 3.86716139609834
3 6012 "30504" 1538.30988262906 4918.18289441181 -2186282.1083801 8710047.84807365 -1486282.1083801 3378047.84807365 0.500055374919535 1 3.99575509508468
3 6288 "30780" 467.72338774907 12988.2126952121 -2186282.1083801 8710047.84807365 -10386282.1083801 3130047.84807365 0.551644020028799 1 4.28275191108852
3 6837 "31329" 347.883789479186 13811.311186863 -2186282.1083801 8710047.84807365 11113717.8916199 2758047.84807365 0.180796303057171 1 4.04742112635078
3 6842 "31334" 1791.81411602821 11507.1326836649 -2186282.1083801 8710047.84807365 -10186282.1083801 2634047.84807365 0.62125533480748 1 Inf
3 7480 "31972" 1799.47881123489 8275.4534882445 -2186282.1083801 8710047.84807365 -5986282.1083801 2014047.84807365 0.600381455195089 1 4.40415805216977
3 7691 "32183" 8061.76552187095 12276.1339082576 -2186282.1083801 8710047.84807365 -5986282.1083801 1766047.84807365 0.637820364060153 1 3.8616962378576
3 7861 "32353" 6000.60783015262 12991.740729782 -2186282.1083801 8710047.84807365 9113717.8916199 1642047.84807365 0.600381455195089 1 3.29976098457616
3 7950 "32442" 7153.39859239511 0 -2186282.1083801 8710047.84807365 5313717.8916199 1518047.84807365 0.637150354469047 1 3.83799673101431
3 7958 "32450" 8647.77935834405 2954.39337576753 -2186282.1083801 8710047.84807365 9213717.8916199 1518047.84807365 0.456114111989385 1 4.48484944065487
3 8061 "32553" 587.264655826226 16025.3743200297 -2186282.1083801 8710047.84807365 9213717.8916199 1394047.84807365 0.600381455195089 1 4.48484944065487
3 8277 "32769" 1113.27771857201 17610.7276355598 -2186282.1083801 8710047.84807365 12313717.8916199 1146047.84807365 0.600381455195089 1 4.6459472861326
3 8378 "32870" 398.824770848569 10335.8061776205 -2186282.1083801 8710047.84807365 10413717.8916199 1022047.84807365 0.600381455195089 1 3.19161050614709
3 8476 "32968" 1523.30417040792 5830.45138626649 -2186282.1083801 8710047.84807365 9313717.8916199 898047.84807365 0.600381455195089 1 4.08466762709927
3 8586 "33078" 6565.17204512201 11934.9845276914 -2186282.1083801 8710047.84807365 12213717.8916199 774047.84807365 0.600381455195089 1 3.98445766635208
3 8684 "33176" 9610.07255008009 14701.9634124638 -2186282.1083801 8710047.84807365 12013717.8916199 650047.84807365 0.492502832576115 1 3.61547894347519
3 8766 "33258" 1343.85522364771 17146.4536184817 -2186282.1083801 8710047.84807365 10013717.8916199 526047.84807365 0.600381455195089 1 4.0767031812437
3 9131 "33623" 892.006981920452 4918.1828943609 -2186282.1083801 8710047.84807365 13013717.8916199 30047.8480736502 0.623358963612281 1 4.48858629822641
3 9220 "33712" 5078.35131651863 5830.45138625214 -2186282.1083801 8710047.84807365 12113717.8916199 -93952.1519263498 0.648439693065415 1 4.32641004846777
3 9223 "33715" 5224.73644538647 15943.0382221833 -2186282.1083801 8710047.84807365 12713717.8916199 -93952.1519263498 0.595949012677471 1 3.99491298612266
3 9320 "33812" 11039.9279434859 12276.1339081754 -2186282.1083801 8710047.84807365 12313717.8916199 -217952.15192635 0.600381455195089 1 3.71692448655593
3 9444 "33936" 5907.07953496254 11934.9845277403 -2186282.1083801 8710047.84807365 15013717.8916199 -341952.15192635 0.627854049148612 1 4.33001075521193
3 9552 "34044" 1868.62154928519 13719.359791019 -2186282.1083801 8710047.84807365 14513717.8916199 -465952.15192635 0.600381455195089 1 3.83872992531924
3 9632 "34124" 9681.85515437936 5689.71593746298 -2186282.1083801 8710047.84807365 5613717.8916199 -589952.15192635 0.589973663953293 1 3.85282392970828
3 9732 "34224" 6010.93051106257 8626.06221656561 -2186282.1083801 8710047.84807365 10213717.8916199 -713952.15192635 0.537993253351283 1 Inf
3 9760 "34252" 2920.64458714047 16025.3743200608 -2186282.1083801 8710047.84807365 15413717.8916199 -713952.15192635 0.600381455195089 1 3.83856759268618
3 9959 "34451" 3038.38822456141 4452.95486278114 -2186282.1083801 8710047.84807365 15613717.8916199 -961952.15192635 0.581500378252375 1 4.41769860085569
3 9961 "34453" 5529.92498400989 16888.0129583907 -2186282.1083801 8710047.84807365 15813717.8916199 -961952.15192635 0.648439693065415 1 4.43870031852105
3 10055 "34547" 6963.18332811112 0 -2186282.1083801 8710047.84807365 14513717.8916199 -1085952.15192635 0.600381455195089 1 4.25431553729843
3 10062 "34554" 9916.31419663621 16025.3743200699 -2186282.1083801 8710047.84807365 15713717.8916199 -1085952.15192635 0.648439693065415 1 4.17494896464221
3 10147 "34639" 11197.1095345841 4196.14245433443 -2186282.1083801 8710047.84807365 15813717.8916199 -1209952.15192635 0.600381455195089 1 4.90203821717985
3 10148 "34640" 11409.9887677643 16025.3743200321 -2186282.1083801 8710047.84807365 15913717.8916199 -1209952.15192635 0.600381455195089 1 4.38746549415178
3 10221 "34713" 4016.19574373593 9759.35165498524 -2186282.1083801 8710047.84807365 12213717.8916199 -1333952.15192635 0.600381455195089 1 3.93752479584249
3 10297 "34789" 15787.8423143932 17146.453618527 -2186282.1083801 8710047.84807365 4313717.8916199 -1457952.15192635 0.548145832187015 1 4.19544477584365
3 10298 "34790" 16413.9127285059 17811.8194511507 -2186282.1083801 8710047.84807365 4413717.8916199 -1457952.15192635 0.548145832187015 1 4.19544477584365
3 10473 "34965" 3577.99887216913 17811.8194512028 -2186282.1083801 8710047.84807365 16413717.8916199 -1705952.15192635 0.532236657575276 1 4.62602108106169
3 10545 "35037" 11932.8456272789 10335.8061776166 -2186282.1083801 8710047.84807365 12213717.8916199 -1829952.15192635 0.600381455195089 1 4.17149290494094
3 10561 "35053" 2723.69391008372 13358.8645883484 -2186282.1083801 8710047.84807365 16313717.8916199 -1829952.15192635 0.648439693065415 1 4.04855602419827
3 10654 "35146" 1990.96739308842 13719.3597909806 -2186282.1083801 8710047.84807365 16313717.8916199 -1953952.15192635 0.648439693065415 1 4.04855602419827
3 10656 "35148" 3133.79441278391 6576.48655395402 -2186282.1083801 8710047.84807365 17513717.8916199 -1953952.15192635 0.532236657575276 1 4.39542033377579
3 10723 "35215" 5044.99977581025 9750.29939908765 -2186282.1083801 8710047.84807365 4613717.8916199 -2077952.15192635 0.648439693065415 1 3.46027138696511
3 10751 "35243" 1438.29480566259 1503.48298773609 -2186282.1083801 8710047.84807365 17313717.8916199 -2077952.15192635 0.532236657575276 1 4.39542033377579
3 10752 "35244" 4545.60430003412 6576.48655392107 -2186282.1083801 8710047.84807365 17413717.8916199 -2077952.15192635 0.55940664869498 1 4.71689049098686
3 10753 "35245" 4525.39282182568 13719.3597909605 -2186282.1083801 8710047.84807365 17513717.8916199 -2077952.15192635 0.648439693065415 1 4.71689049098686
3 10845 "35337" 13843.4191515651 4511.14073937634 -2186282.1083801 8710047.84807365 16413717.8916199 -2201952.15192635 0.64009913921698 1 4.21647328065851
3 10846 "35338" 14597.650358345 17146.4536185294 -2186282.1083801 8710047.84807365 17213717.8916199 -2201952.15192635 0.55940664869498 1 4.71689049098686
3 10847 "35339" 15913.8393274699 6576.48655395253 -2186282.1083801 8710047.84807365 17313717.8916199 -2201952.15192635 0.55940664869498 1 4.71689049098686
3 10903 "35395" 20402.9277629141 12991.7407299029 -2186282.1083801 8710047.84807365 4413717.8916199 -2325952.15192635 0.648439693065415 1 3.43882209551664
3 10934 "35426" 9296.75806775942 13358.8645883862 -2186282.1083801 8710047.84807365 16413717.8916199 -2325952.15192635 0.55940664869498 1 4.85767168962144
3 10989 "35481" 7390.13982113621 4387.93039048679 -2186282.1083801 8710047.84807365 4413717.8916199 -2449952.15192635 0.648439693065415 1 3.48520987495374
3 10993 "35485" 10622.0828001844 8275.45348825639 -2186282.1083801 8710047.84807365 5513717.8916199 -2449952.15192635 0.596665346903024 1 3.91169674872286
3 11079 "35571" 1151.45241138672 10335.8061775723 -2186282.1083801 8710047.84807365 4413717.8916199 -2573952.15192635 0.648439693065415 1 3.41472605043522
3 11116 "35608" 12824.1139058641 15943.0382221633 -2186282.1083801 8710047.84807365 15813717.8916199 -2573952.15192635 0.648439693065415 1 4.72398818542846
3 11117 "35609" 14916.6180154834 15943.0382222076 -2186282.1083801 8710047.84807365 15913717.8916199 -2573952.15192635 0.596665346903024 1 4.39605290746757
3 11171 "35663" 13549.9661156173 11507.1326835181 -2186282.1083801 8710047.84807365 4413717.8916199 -2697952.15192635 0.648439693065415 1 3.47690462580454
3 11473 "35965" 18688.5085403781 0 -2186282.1083801 8710047.84807365 14413717.8916199 -3069952.15192635 0.600381455195089 1 4.01460561555059
3 11474 "35966" 18404.1948496241 8275.45348824662 -2186282.1083801 8710047.84807365 -6686282.1083801 -3193952.15192635 0.523615280126096 1 3.5130184219122
3 11687 "36179" 13486.2859809087 0 -2186282.1083801 8710047.84807365 12813717.8916199 -3441952.15192635 0.600381455195089 1 3.45681262065531
3 11688 "36180" 13276.8038636747 4655.77824846274 -2186282.1083801 8710047.84807365 12913717.8916199 -3441952.15192635 0.600381455195089 1 3.45681262065531
3 11762 "36254" 12240.0958898839 4511.14073937316 -2186282.1083801 8710047.84807365 12913717.8916199 -3565952.15192635 0.600381455195089 1 3.45318583673266
3 11877 "36369" 13735.7858626116 4655.77824845948 -2186282.1083801 8710047.84807365 10613717.8916199 -3813952.15192635 0.648439693065415 1 4.05490756868644
3 11878 "36370" 13384.0201080611 15244.2015155787 -2186282.1083801 8710047.84807365 10713717.8916199 -3813952.15192635 0.648439693065415 1 4.05490756868644
3 11943 "36435" 2254.97092649968 6576.48655390235 -2186282.1083801 8710047.84807365 10613717.8916199 -3937952.15192635 0.648439693065415 1 3.3010623122216
3 11998 "36490" 1722.90385775808 17811.8194510831 -2186282.1083801 8710047.84807365 10213717.8916199 -4061952.15192635 0.648439693065415 1 4.05490756868644
3 12001 "36493" 2593.60076312597 9750.29939892897 -2186282.1083801 8710047.84807365 10513717.8916199 -4061952.15192635 0.648439693065415 1 3.3010623122216
3 12019 "36511" 12107.1023962742 12276.1339082035 -2186282.1083801 8710047.84807365 13213717.8916199 -4061952.15192635 0.648439693065415 1 4.10365097850073
3 12045 "36537" 874.749964533878 4815.92591558485 -2186282.1083801 8710047.84807365 10213717.8916199 -4185952.15192635 0.648439693065415 1 4.05490756868644
3 12052 "36544" 2818.15861194554 5689.71593742955 -2186282.1083801 8710047.84807365 12213717.8916199 -4185952.15192635 0.456114111989385 1 4.55551847065098
3 12053 "36545" 3511.40270658232 9750.29939905998 -2186282.1083801 8710047.84807365 12313717.8916199 -4185952.15192635 0.549072071851642 1 4.36912799987159
3 12059 "36551" 2960.95924714353 4511.14073941247 -2186282.1083801 8710047.84807365 12913717.8916199 -4185952.15192635 0.648439693065415 1 3.90072184097908
3 12060 "36552" 6649.46113695712 13719.3597909262 -2186282.1083801 8710047.84807365 13013717.8916199 -4185952.15192635 0.648439693065415 1 3.90072184097908
3 12082 "36574" 12346.2100732455 1503.48298777888 -2186282.1083801 8710047.84807365 12213717.8916199 -4309952.15192635 0.627294422944358 1 4.37475001649434
3 12088 "36580" 3749.68039295909 14701.9634124204 -2186282.1083801 8710047.84807365 12813717.8916199 -4309952.15192635 0.648439693065415 1 4.01328400601236
3 12093 "36585" 420.885066534109 17811.8194511262 -2186282.1083801 8710047.84807365 13313717.8916199 -4309952.15192635 0.648439693065415 1 3.90072184097908
3 12136 "36628" 13666.4236728904 15244.2015155224 -2186282.1083801 8710047.84807365 12113717.8916199 -4557952.15192635 0.565982523939104 1 4.3973329849878
3 12138 "36630" 10024.9285863921 13811.3111868696 -2186282.1083801 8710047.84807365 12313717.8916199 -4557952.15192635 0.600381455195089 1 4.17094219418172
3 12164 "36656" 5561.69882993465 8905.90972560625 -2186282.1083801 8710047.84807365 12513717.8916199 -4681952.15192635 0.648439693065415 1 4.36980143316675
3 12165 "36657" 6160.88003309049 14701.9634124376 -2186282.1083801 8710047.84807365 12613717.8916199 -4681952.15192635 0.648439693065415 1 4.14064085870221
4 361 "37098" 3108.09998135518 16025.3743199682 -2086282.1083801 8710047.84807365 1113717.8916199 7842047.84807365 0.471728891925041 1 3.55003606746498
4 483 "37220" 1357.17792454879 1503.48298781854 -2086282.1083801 8710047.84807365 813717.891619898 7718047.84807365 0.451997137049208 1 3.51734520759854
4 727 "37464" 1861.15436787556 12988.2126952042 -2086282.1083801 8710047.84807365 9913717.8916199 7594047.84807365 0.257080511668882 1 4.0370334282703
4 1591 "38328" 2403.5434535645 10335.8061776081 -2086282.1083801 8710047.84807365 -10686282.1083801 6850047.84807365 0.451997137049208 1 3.76791332659398
4 1753 "38490" 12825.2513782946 4918.18289437468 -2086282.1083801 8710047.84807365 -9186282.1083801 6726047.84807365 0.451997137049208 1 3.4193703976521
4 1900 "38637" 2744.81869439432 9750.29939907495 -2086282.1083801 8710047.84807365 -10486282.1083801 6602047.84807365 0.451997137049208 1 3.49503882860692
4 1901 "38638" 3064.77404640959 11934.9845277014 -2086282.1083801 8710047.84807365 -10386282.1083801 6602047.84807365 0.451997137049208 1 3.67309569621398
4 1902 "38639" 3435.2519661054 13358.8645883484 -2086282.1083801 8710047.84807365 -10286282.1083801 6602047.84807365 0.451997137049208 1 3.82637106285035
4 2051 "38788" 2990.56194888304 13533.2582340781 -2086282.1083801 8710047.84807365 -9386282.1083801 6478047.84807365 0.451997137049208 1 3.64080968243115
4 2052 "38789" 3357.26849156597 8661.29557375464 -2086282.1083801 8710047.84807365 -9286282.1083801 6478047.84807365 0.451997137049208 1 3.64080968243115
4 2198 "38935" 1988.4183151713 8626.06221653086 -2086282.1083801 8710047.84807365 -11486282.1083801 6354047.84807365 0.171465276452009 1 3.43037263190111
4 2199 "38936" 1958.83438049557 17610.7276355926 -2086282.1083801 8710047.84807365 -9386282.1083801 6354047.84807365 0.451997137049208 1 3.64080968243115
4 2356 "39093" 1797.3054986828 10335.8061775526 -2086282.1083801 8710047.84807365 11513717.8916199 6354047.84807365 0.352166794636731 1 3.80555146474948
4 2361 "39098" 2547.59376759714 13358.8645883565 -2086282.1083801 8710047.84807365 -9686282.1083801 6230047.84807365 0.451997137049208 1 3.71001078106629
4 2362 "39099" 2784.91021028826 9750.29939907804 -2086282.1083801 8710047.84807365 -9586282.1083801 6230047.84807365 0.451997137049208 1 3.49807008223629
4 2363 "39100" 2323.62069031192 16888.01295842 -2086282.1083801 8710047.84807365 -9486282.1083801 6230047.84807365 0.451997137049208 1 3.49807008223629
4 2531 "39268" 12680.6238905822 6576.4865539482 -2086282.1083801 8710047.84807365 -9686282.1083801 6106047.84807365 0.451997137049208 1 3.71001078106629
4 2932 "39669" 4781.92541172228 12991.7407298621 -2086282.1083801 8710047.84807365 -4186282.1083801 5858047.84807365 0.376357559280505 1 3.66356337985799
4 3048 "39785" 2578.39627486486 4196.14245429022 -2086282.1083801 8710047.84807365 11813717.8916199 5858047.84807365 0.0084831039385479 1 2.96828536177005
4 3097 "39834" 10948.0998638727 16025.3743200622 -2086282.1083801 8710047.84807365 -4786282.1083801 5734047.84807365 0.376357559280505 1 3.16293639911972
4 3439 "40176" 6040.05567599116 17146.4536185038 -2086282.1083801 8710047.84807365 -4286282.1083801 5486047.84807365 0.376357559280505 1 3.37212542684302
4 3554 "40291" 1951.70238219209 0 -2086282.1083801 8710047.84807365 12013717.8916199 5486047.84807365 0.171465276452009 1 3.98316495311019
4 3717 "40454" 2676.97338761793 10335.8061776102 -2086282.1083801 8710047.84807365 11913717.8916199 5362047.84807365 0.0084831039385479 1 3.01579909240047
4 5275 "42012" 6780.2238422447 17146.4536185134 -2086282.1083801 8710047.84807365 -1586282.1083801 3998047.84807365 0.530631181388248 1 4.04353000154021
4 5838 "42575" 2527.91951885302 14776.6777241651 -2086282.1083801 8710047.84807365 11213717.8916199 3626047.84807365 0.180796303057171 1 3.34839714625088
4 5988 "42725" 3683.93308439581 10335.8061776453 -2086282.1083801 8710047.84807365 12013717.8916199 3502047.84807365 0.600381455195089 1 4.31586108652829
4 6011 "42748" 4114.50151992838 13719.3597909989 -2086282.1083801 8710047.84807365 -1586282.1083801 3378047.84807365 0.500055374919535 1 3.86716139609834
4 6012 "42749" 2029.41373798116 4815.92591558783 -2086282.1083801 8710047.84807365 -1486282.1083801 3378047.84807365 0.500055374919535 1 3.99575509508468
4 6288 "43025" 712.49161889968 15244.2015155593 -2086282.1083801 8710047.84807365 -10386282.1083801 3130047.84807365 0.551644020028799 1 4.28275191108852
4 6837 "43574" 844.756869883465 16888.0129583734 -2086282.1083801 8710047.84807365 11113717.8916199 2758047.84807365 0.180796303057171 1 4.04742112635078
4 6842 "43579" 2257.3256875683 13533.2582341117 -2086282.1083801 8710047.84807365 -10186282.1083801 2634047.84807365 0.62125533480748 1 Inf
4 7480 "44217" 2270.19161650882 4196.14245427948 -2086282.1083801 8710047.84807365 -5986282.1083801 2014047.84807365 0.600381455195089 1 4.40415805216977
4 7691 "44428" 7641.93821144689 12276.1339082187 -2086282.1083801 8710047.84807365 -5986282.1083801 1766047.84807365 0.637820364060153 1 3.8616962378576
4 7861 "44598" 5619.69883538457 8661.29557369313 -2086282.1083801 8710047.84807365 9113717.8916199 1642047.84807365 0.600381455195089 1 3.29976098457616
4 7950 "44687" 6753.36456431723 5689.71593741043 -2086282.1083801 8710047.84807365 5313717.8916199 1518047.84807365 0.637150354469047 1 3.83799673101431
4 7958 "44695" 8224.19507407425 7911.6062512077 -2086282.1083801 8710047.84807365 9213717.8916199 1518047.84807365 0.456114111989385 1 4.48484944065487
4 8061 "44798" 1175.10804732443 17146.4536184729 -2086282.1083801 8710047.84807365 9213717.8916199 1394047.84807365 0.600381455195089 1 4.48484944065487
4 8277 "45014" 1716.83535737868 14776.6777241742 -2086282.1083801 8710047.84807365 12313717.8916199 1146047.84807365 0.600381455195089 1 4.6459472861326
4 8378 "45115" 548.117740907716 8661.29557375245 -2086282.1083801 8710047.84807365 10413717.8916199 1022047.84807365 0.600381455195089 1 3.19161050614709
4 8476 "45213" 2132.58950984662 5830.4513862648 -2086282.1083801 8710047.84807365 9313717.8916199 898047.84807365 0.600381455195089 1 4.08466762709927
4 8586 "45323" 6167.65790240751 8905.90972558672 -2086282.1083801 8710047.84807365 12213717.8916199 774047.84807365 0.600381455195089 1 3.98445766635208
4 8684 "45421" 9181.21336310143 17146.453618472 -2086282.1083801 8710047.84807365 12013717.8916199 650047.84807365 0.492502832576115 1 3.61547894347519
4 8766 "45503" 1990.3709494968 14701.9634124802 -2086282.1083801 8710047.84807365 10013717.8916199 526047.84807365 0.600381455195089 1 4.0767031812437
4 9131 "45868" 977.174412628824 4815.92591556339 -2086282.1083801 8710047.84807365 13013717.8916199 30047.8480736502 0.623358963612281 1 4.48858629822641
4 9220 "45957" 4755.33712089504 5830.45138623544 -2086282.1083801 8710047.84807365 12113717.8916199 -93952.1519263498 0.648439693065415 1 4.32641004846777
4 9223 "45960" 4892.93710485775 10335.8061776049 -2086282.1083801 8710047.84807365 12713717.8916199 -93952.1519263498 0.595949012677471 1 3.99491298612266
4 9320 "46057" 10609.2848996503 12276.1339082546 -2086282.1083801 8710047.84807365 12313717.8916199 -217952.15192635 0.600381455195089 1 3.71692448655593
4 9444 "46181" 5542.78996590389 8905.90972558672 -2086282.1083801 8710047.84807365 15013717.8916199 -341952.15192635 0.627854049148612 1 4.33001075521193
4 9552 "46289" 1961.28118901685 16025.3743200605 -2086282.1083801 8710047.84807365 14513717.8916199 -465952.15192635 0.600381455195089 1 3.83872992531924
4 9632 "46369" 9273.75697707237 0 -2086282.1083801 8710047.84807365 5613717.8916199 -589952.15192635 0.589973663953293 1 3.85282392970828
4 9732 "46469" 5656.97742855858 4452.95486282268 -2086282.1083801 8710047.84807365 10213717.8916199 -713952.15192635 0.537993253351283 1 Inf
4 9760 "46497" 2767.53749137066 13719.3597910085 -2086282.1083801 8710047.84807365 15413717.8916199 -713952.15192635 0.600381455195089 1 3.83856759268618
4 9959 "46696" 2848.92753415269 4655.77824846553 -2086282.1083801 8710047.84807365 15613717.8916199 -961952.15192635 0.581500378252375 1 4.41769860085569
4 9961 "46698" 5187.81461544682 16888.0129583132 -2086282.1083801 8710047.84807365 15813717.8916199 -961952.15192635 0.648439693065415 1 4.43870031852105
4 10055 "46792" 6581.99849673135 5689.71593739663 -2086282.1083801 8710047.84807365 14513717.8916199 -1085952.15192635 0.600381455195089 1 4.25431553729843
4 10062 "46799" 9504.40976130612 17146.4536185406 -2086282.1083801 8710047.84807365 15713717.8916199 -1085952.15192635 0.648439693065415 1 4.17494896464221
4 10147 "46884" 10771.8862990637 8275.45348830494 -2086282.1083801 8710047.84807365 15813717.8916199 -1209952.15192635 0.600381455195089 1 4.90203821717985
4 10148 "46885" 10983.995655453 13719.3597909664 -2086282.1083801 8710047.84807365 15913717.8916199 -1209952.15192635 0.600381455195089 1 4.38746549415178
4 10221 "46958" 3753.90525357101 14776.6777241656 -2086282.1083801 8710047.84807365 12213717.8916199 -1333952.15192635 0.600381455195089 1 3.93752479584249
4 10297 "47034" 15342.94542837 16025.3743200597 -2086282.1083801 8710047.84807365 4313717.8916199 -1457952.15192635 0.548145832187015 1 4.19544477584365
4 10298 "47035" 15967.6520710395 15244.2015156035 -2086282.1083801 8710047.84807365 4413717.8916199 -1457952.15192635 0.548145832187015 1 4.19544477584365
4 10473 "47210" 3297.49145153859 15244.2015155814 -2086282.1083801 8710047.84807365 16413717.8916199 -1705952.15192635 0.532236657575276 1 4.62602108106169
4 10545 "47282" 11496.1914934918 15943.0382221979 -2086282.1083801 8710047.84807365 12213717.8916199 -1829952.15192635 0.600381455195089 1 4.17149290494094
4 10561 "47298" 2413.80846335077 9750.299399134 -2086282.1083801 8710047.84807365 16313717.8916199 -1829952.15192635 0.648439693065415 1 4.04855602419827
4 10654 "47391" 1705.6164477398 16025.3743200228 -2086282.1083801 8710047.84807365 16313717.8916199 -1953952.15192635 0.648439693065415 1 4.04855602419827
4 10656 "47393" 2769.90430932531 1503.48298782579 -2086282.1083801 8710047.84807365 17513717.8916199 -1953952.15192635 0.532236657575276 1 4.39542033377579
4 10723 "47460" 4701.34007682874 4387.93039051561 -2086282.1083801 8710047.84807365 4613717.8916199 -2077952.15192635 0.648439693065415 1 3.46027138696511
4 10751 "47488" 1795.04789841723 6576.48655388816 -2086282.1083801 8710047.84807365 17313717.8916199 -2077952.15192635 0.532236657575276 1 4.39542033377579
4 10752 "47489" 4240.17424518493 8905.90972555415 -2086282.1083801 8710047.84807365 17413717.8916199 -2077952.15192635 0.55940664869498 1 4.71689049098686
4 10753 "47490" 4219.60367598589 16025.3743200363 -2086282.1083801 8710047.84807365 17513717.8916199 -2077952.15192635 0.648439693065415 1 4.71689049098686
4 10845 "47582" 13401.6734739851 4815.92591558017 -2086282.1083801 8710047.84807365 16413717.8916199 -2201952.15192635 0.64009913921698 1 4.21647328065851
4 10846 "47583" 14152.8457063787 14701.9634124847 -2086282.1083801 8710047.84807365 17213717.8916199 -2201952.15192635 0.55940664869498 1 4.71689049098686
4 10847 "47584" 15466.6794888589 8905.90972555415 -2086282.1083801 8710047.84807365 17313717.8916199 -2201952.15192635 0.55940664869498 1 4.71689049098686
4 10903 "47640" 19949.805186817 8661.29557376855 -2086282.1083801 8710047.84807365 4413717.8916199 -2325952.15192635 0.648439693065415 1 3.43882209551664
4 10934 "47671" 8896.06691777299 14701.9634124425 -2086282.1083801 8710047.84807365 16413717.8916199 -2325952.15192635 0.55940664869498 1 4.85767168962144
4 10989 "47726" 7013.51029520274 6795.98787548315 -2086282.1083801 8710047.84807365 4413717.8916199 -2449952.15192635 0.648439693065415 1 3.48520987495374
4 10993 "47730" 10209.8148147526 8275.45348825555 -2086282.1083801 8710047.84807365 5513717.8916199 -2449952.15192635 0.596665346903024 1 3.91169674872286
4 11079 "47816" 1180.24472156334 8661.29557371898 -2086282.1083801 8710047.84807365 4413717.8916199 -2573952.15192635 0.648439693065415 1 3.41472605043522
4 11116 "47853" 12382.2357210631 10335.806177585 -2086282.1083801 8710047.84807365 15813717.8916199 -2573952.15192635 0.648439693065415 1 4.72398818542846
4 11117 "47854" 14467.0106593833 15943.0382221485 -2086282.1083801 8710047.84807365 15913717.8916199 -2573952.15192635 0.596665346903024 1 4.39605290746757
4 11171 "47908" 13103.8750389058 13533.2582340398 -2086282.1083801 8710047.84807365 4413717.8916199 -2697952.15192635 0.648439693065415 1 3.47690462580454
4 11473 "48210" 18234.2625887071 5689.71593738572 -2086282.1083801 8710047.84807365 14413717.8916199 -3069952.15192635 0.600381455195089 1 4.01460561555059
4 11474 "48211" 17953.9505686158 8275.45348825513 -2086282.1083801 8710047.84807365 -6686282.1083801 -3193952.15192635 0.523615280126096 1 3.5130184219122
4 11687 "48424" 13053.8349786869 5689.71593742135 -2086282.1083801 8710047.84807365 12813717.8916199 -3441952.15192635 0.600381455195089 1 3.45681262065531
4 11688 "48425" 12846.3598389204 4918.18289437497 -2086282.1083801 8710047.84807365 12913717.8916199 -3441952.15192635 0.600381455195089 1 3.45681262065531
4 11762 "48499" 11809.1010305439 4815.92591558487 -2086282.1083801 8710047.84807365 12913717.8916199 -3565952.15192635 0.600381455195089 1 3.45318583673266
4 11877 "48614" 13292.1250707434 4452.95486275509 -2086282.1083801 8710047.84807365 10613717.8916199 -3813952.15192635 0.648439693065415 1 4.05490756868644
4 11878 "48615" 12936.6972399344 17811.8194511303 -2086282.1083801 8710047.84807365 10713717.8916199 -3813952.15192635 0.648439693065415 1 4.05490756868644
4 11943 "48680" 2186.78399766895 8905.909725511 -2086282.1083801 8710047.84807365 10613717.8916199 -3937952.15192635 0.648439693065415 1 3.3010623122216
4 11998 "48735" 1263.6993827303 12991.7407299748 -2086282.1083801 8710047.84807365 10213717.8916199 -4061952.15192635 0.648439693065415 1 4.05490756868644
4 12001 "48738" 2195.86799629222 13358.8645883565 -2086282.1083801 8710047.84807365 10513717.8916199 -4061952.15192635 0.648439693065415 1 3.3010623122216
4 12019 "48756" 11669.1974754733 12276.1339084116 -2086282.1083801 8710047.84807365 13213717.8916199 -4061952.15192635 0.648439693065415 1 4.10365097850073
4 12045 "48782" 517.404469550027 4511.14073938 -2086282.1083801 8710047.84807365 10213717.8916199 -4185952.15192635 0.648439693065415 1 4.05490756868644
4 12052 "48789" 2417.84300814561 9210.66974242318 -2086282.1083801 8710047.84807365 12213717.8916199 -4185952.15192635 0.456114111989385 1 4.55551847065098
4 12053 "48790" 3100.96167285444 4387.93039051605 -2086282.1083801 8710047.84807365 12313717.8916199 -4185952.15192635 0.549072071851642 1 4.36912799987159
4 12059 "48796" 3103.32731929341 4815.92591555771 -2086282.1083801 8710047.84807365 12913717.8916199 -4185952.15192635 0.648439693065415 1 3.90072184097908
4 12060 "48797" 6224.52852279152 13719.3597909619 -2086282.1083801 8710047.84807365 13013717.8916199 -4185952.15192635 0.648439693065415 1 3.90072184097908
4 12082 "48819" 11911.2555121684 6576.48655394209 -2086282.1083801 8710047.84807365 12213717.8916199 -4309952.15192635 0.627294422944358 1 4.37475001649434
4 12088 "48825" 3652.7445620404 13358.8645883516 -2086282.1083801 8710047.84807365 12813717.8916199 -4309952.15192635 0.648439693065415 1 4.01328400601236
4 12093 "48830" 897.178556905772 12991.7407298677 -2086282.1083801 8710047.84807365 13313717.8916199 -4309952.15192635 0.648439693065415 1 3.90072184097908
4 12136 "48873" 13227.7584254403 12988.2126951813 -2086282.1083801 8710047.84807365 12113717.8916199 -4557952.15192635 0.565982523939104 1 4.3973329849878
4 12138 "48875" 9607.84745725664 16888.0129583711 -2086282.1083801 8710047.84807365 12313717.8916199 -4557952.15192635 0.600381455195089 1 4.17094219418172
4 12164 "48901" 5113.12870160266 6576.48655393017 -2086282.1083801 8710047.84807365 12513717.8916199 -4681952.15192635 0.648439693065415 1 4.36980143316675
4 12165 "48902" 5731.18699112574 17146.4536185696 -2086282.1083801 8710047.84807365 12613717.8916199 -4681952.15192635 0.648439693065415 1 4.14064085870221
5 361 "49342" 2663.06961574451 13719.3597910551 -1986282.1083801 8710047.84807365 1113717.8916199 7842047.84807365 0.471728891925041 1 3.55003606746498
5 483 "49464" 899.02311604458 4196.14245414276 -1986282.1083801 8710047.84807365 813717.891619898 7718047.84807365 0.451997137049208 1 3.51734520759854
5 727 "49708" 1816.1598300722 13811.3111867956 -1986282.1083801 8710047.84807365 9913717.8916199 7594047.84807365 0.257080511668882 1 4.0370334282703
5 1591 "50572" 2688.40432836909 15943.0382220495 -1986282.1083801 8710047.84807365 -10686282.1083801 6850047.84807365 0.451997137049208 1 3.76791332659398
5 1753 "50734" 12522.298190019 4815.92591557843 -1986282.1083801 8710047.84807365 -9186282.1083801 6726047.84807365 0.451997137049208 1 3.4193703976521
5 1900 "50881" 2348.75707079088 4387.93039060323 -1986282.1083801 8710047.84807365 -10486282.1083801 6602047.84807365 0.451997137049208 1 3.49503882860692
5 1901 "50882" 2675.18259559147 8905.90972561314 -1986282.1083801 8710047.84807365 -10386282.1083801 6602047.84807365 0.451997137049208 1 3.67309569621398
5 1902 "50883" 3043.06895198325 9750.29939914447 -1986282.1083801 8710047.84807365 -10286282.1083801 6602047.84807365 0.451997137049208 1 3.82637106285035
5 2051 "51032" 2590.25829600109 8626.06221683642 -1986282.1083801 8710047.84807365 -9386282.1083801 6478047.84807365 0.451997137049208 1 3.64080968243115
5 2052 "51033" 2957.57462129097 12991.7407296428 -1986282.1083801 8710047.84807365 -9286282.1083801 6478047.84807365 0.451997137049208 1 3.64080968243115
5 2198 "51179" 1513.40886024969 13533.2582339565 -1986282.1083801 8710047.84807365 -11486282.1083801 6354047.84807365 0.171465276452009 1 3.43037263190111
5 2199 "51180" 1486.51206121231 14776.6777243478 -1986282.1083801 8710047.84807365 -9386282.1083801 6354047.84807365 0.451997137049208 1 3.64080968243115
5 2356 "51337" 1322.61005925405 8661.29557365407 -1986282.1083801 8710047.84807365 11513717.8916199 6354047.84807365 0.352166794636731 1 3.80555146474948
5 2361 "51342" 2879.89801144057 9750.29939918355 -1986282.1083801 8710047.84807365 -9686282.1083801 6230047.84807365 0.451997137049208 1 3.71001078106629
5 2362 "51343" 3093.81462508023 13358.8645883565 -1986282.1083801 8710047.84807365 -9586282.1083801 6230047.84807365 0.451997137049208 1 3.49807008223629
5 2363 "51344" 2623.60918198457 16888.0129584277 -1986282.1083801 8710047.84807365 -9486282.1083801 6230047.84807365 0.451997137049208 1 3.49807008223629
5 2531 "51512" 12381.0898551416 1503.48298796454 -1986282.1083801 8710047.84807365 -9686282.1083801 6106047.84807365 0.451997137049208 1 3.71001078106629
5 2932 "51913" 4490.96523444102 17811.8194511148 -1986282.1083801 8710047.84807365 -4186282.1083801 5858047.84807365 0.376357559280505 1 3.66356337985799
5 3048 "52029" 2884.52334693458 1503.48298766883 -1986282.1083801 8710047.84807365 11813717.8916199 5858047.84807365 0.0084831039385479 1 2.96828536177005
5 3097 "52078" 10637.0791877979 17146.4536185265 -1986282.1083801 8710047.84807365 -4786282.1083801 5734047.84807365 0.376357559280505 1 3.16293639911972
5 3439 "52420" 5742.35025592793 14701.9634125294 -1986282.1083801 8710047.84807365 -4286282.1083801 5486047.84807365 0.376357559280505 1 3.37212542684302
5 3554 "52535" 2285.52456615865 5689.71593728251 -1986282.1083801 8710047.84807365 12013717.8916199 5486047.84807365 0.171465276452009 1 3.98316495311019
5 3717 "52698" 2319.48866723279 8661.29557371021 -1986282.1083801 8710047.84807365 11913717.8916199 5362047.84807365 0.0084831039385479 1 3.01579909240047
5 5275 "54256" 6489.80797821008 14701.9634125348 -1986282.1083801 8710047.84807365 -1586282.1083801 3998047.84807365 0.530631181388248 1 4.04353000154021
5 5838 "54819" 2099.86852670133 17610.7276356694 -1986282.1083801 8710047.84807365 11213717.8916199 3626047.84807365 0.180796303057171 1 3.34839714625088
5 5988 "54969" 3257.7706041225 8661.29557366561 -1986282.1083801 8710047.84807365 12013717.8916199 3502047.84807365 0.600381455195089 1 4.31586108652829
5 6011 "54992" 3787.3854601865 16025.3743199903 -1986282.1083801 8710047.84807365 -1586282.1083801 3378047.84807365 0.500055374919535 1 3.86716139609834
5 6012 "54993" 2241.49608266839 4918.18289441457 -1986282.1083801 8710047.84807365 -1486282.1083801 3378047.84807365 0.500055374919535 1 3.99575509508468
5 6288 "55269" 1019.62863793408 12988.2126952338 -1986282.1083801 8710047.84807365 -10386282.1083801 3130047.84807365 0.551644020028799 1 4.28275191108852
5 6837 "55818" 830.938532477666 13811.3111869222 -1986282.1083801 8710047.84807365 11113717.8916199 2758047.84807365 0.180796303057171 1 4.04742112635078
5 6842 "55823" 2498.75340317387 11507.1326837972 -1986282.1083801 8710047.84807365 -10186282.1083801 2634047.84807365 0.62125533480748 1 Inf
5 7480 "56461" 2492.51944186068 8275.45348818305 -1986282.1083801 8710047.84807365 -5986282.1083801 2014047.84807365 0.600381455195089 1 4.40415805216977
5 7691 "56672" 7330.26747317987 12276.1339083581 -1986282.1083801 8710047.84807365 -5986282.1083801 1766047.84807365 0.637820364060153 1 3.8616962378576
5 7861 "56842" 5275.09774035162 12991.7407296358 -1986282.1083801 8710047.84807365 9113717.8916199 1642047.84807365 0.600381455195089 1 3.29976098457616
5 7950 "56931" 6423.04647733814 0 -1986282.1083801 8710047.84807365 5313717.8916199 1518047.84807365 0.637150354469047 1 3.83799673101431
5 7958 "56939" 7914.99216669088 2954.39337591237 -1986282.1083801 8710047.84807365 9213717.8916199 1518047.84807365 0.456114111989385 1 4.48484944065487
5 8061 "57042" 1251.99675405119 16025.3743200974 -1986282.1083801 8710047.84807365 9213717.8916199 1394047.84807365 0.600381455195089 1 4.48484944065487
5 8277 "57258" 1723.27873328877 17610.7276356767 -1986282.1083801 8710047.84807365 12313717.8916199 1146047.84807365 0.600381455195089 1 4.6459472861326
5 8378 "57359" 428.836573669403 10335.8061775055 -1986282.1083801 8710047.84807365 10413717.8916199 1022047.84807365 0.600381455195089 1 3.19161050614709
5 8476 "57457" 2227.54137493034 5830.45138614587 -1986282.1083801 8710047.84807365 9313717.8916199 898047.84807365 0.600381455195089 1 4.08466762709927
5 8586 "57567" 5839.32787387977 11934.9845275604 -1986282.1083801 8710047.84807365 12213717.8916199 774047.84807365 0.600381455195089 1 3.98445766635208
5 8684 "57665" 8876.80494447691 14701.9634125248 -1986282.1083801 8710047.84807365 12013717.8916199 650047.84807365 0.492502832576115 1 3.61547894347519
5 8766 "57747" 2002.71509409443 17146.4536184458 -1986282.1083801 8710047.84807365 10013717.8916199 526047.84807365 0.600381455195089 1 4.0767031812437
5 9131 "58112" 529.753005823054 4918.18289436366 -1986282.1083801 8710047.84807365 13013717.8916199 30047.8480736502 0.623358963612281 1 4.48858629822641
5 9220 "58201" 4366.07584592897 5830.45138613153 -1986282.1083801 8710047.84807365 12113717.8916199 -93952.1519263498 0.648439693065415 1 4.32641004846777
5 9223 "58204" 4509.49694032007 15943.038222041 -1986282.1083801 8710047.84807365 12713717.8916199 -93952.1519263498 0.595949012677471 1 3.99491298612266
5 9320 "58301" 10305.6865955354 12276.1339082758 -1986282.1083801 8710047.84807365 12313717.8916199 -217952.15192635 0.600381455195089 1 3.71692448655593
5 9444 "58425" 5183.5342971175 11934.9845276094 -1986282.1083801 8710047.84807365 15013717.8916199 -341952.15192635 0.627854049148612 1 4.33001075521193
5 9552 "58533" 1469.95235365815 13719.3597910543 -1986282.1083801 8710047.84807365 14513717.8916199 -465952.15192635 0.600381455195089 1 3.83872992531924
5 9632 "58613" 8949.00602777332 5689.7159373356 -1986282.1083801 8710047.84807365 5613717.8916199 -589952.15192635 0.589973663953293 1 3.85282392970828
5 9732 "58713" 5289.34302782519 8626.06221641569 -1986282.1083801 8710047.84807365 10213717.8916199 -713952.15192635 0.537993253351283 1 Inf
5 9760 "58741" 2296.67468921568 16025.3743199932 -1986282.1083801 8710047.84807365 15413717.8916199 -713952.15192635 0.600381455195089 1 3.83856759268618
5 9959 "58940" 2388.78131741913 4452.95486278114 -1986282.1083801 8710047.84807365 15613717.8916199 -961952.15192635 0.581500378252375 1 4.41769860085569
5 9961 "58942" 4812.04436446553 16888.0129584674 -1986282.1083801 8710047.84807365 15813717.8916199 -961952.15192635 0.648439693065415 1 4.43870031852105
5 10055 "59036" 6235.82236654077 0 -1986282.1083801 8710047.84807365 14513717.8916199 -1085952.15192635 0.600381455195089 1 4.25431553729843
5 10062 "59043" 9183.47218267886 16025.3743201376 -1986282.1083801 8710047.84807365 15713717.8916199 -1085952.15192635 0.648439693065415 1 4.17494896464221
5 10147 "59128" 10463.7956692386 4196.1424544648 -1986282.1083801 8710047.84807365 15813717.8916199 -1209952.15192635 0.600381455195089 1 4.90203821717985
5 10148 "59129" 10676.3162556468 16025.3743199644 -1986282.1083801 8710047.84807365 15913717.8916199 -1209952.15192635 0.600381455195089 1 4.38746549415178
5 10221 "59202" 3329.76619510229 9759.35165506695 -1986282.1083801 8710047.84807365 12213717.8916199 -1333952.15192635 0.600381455195089 1 3.93752479584249
5 10297 "59278" 15053.1928022474 17146.4536185629 -1986282.1083801 8710047.84807365 4313717.8916199 -1457952.15192635 0.548145832187015 1 4.19544477584365
5 10298 "59279" 15678.9453368257 17811.8194511507 -1986282.1083801 8710047.84807365 4413717.8916199 -1457952.15192635 0.548145832187015 1 4.19544477584365
5 10473 "59454" 2881.64111490411 17811.8194512028 -1986282.1083801 8710047.84807365 16413717.8916199 -1705952.15192635 0.532236657575276 1 4.62602108106169
5 10545 "59526" 11198.8443156907 10335.8061777316 -1986282.1083801 8710047.84807365 12213717.8916199 -1829952.15192635 0.600381455195089 1 4.17149290494094
5 10561 "59542" 2017.62087633182 13358.8645883484 -1986282.1083801 8710047.84807365 16313717.8916199 -1829952.15192635 0.648439693065415 1 4.04855602419827
5 10654 "59635" 1300.43490956877 13719.359791016 -1986282.1083801 8710047.84807365 16313717.8916199 -1953952.15192635 0.648439693065415 1 4.04855602419827
5 10656 "59637" 2413.00073602494 6576.48655384835 -1986282.1083801 8710047.84807365 17513717.8916199 -1953952.15192635 0.532236657575276 1 4.39542033377579
5 10723 "59704" 4327.86384110272 9750.29939894309 -1986282.1083801 8710047.84807365 4613717.8916199 -2077952.15192635 0.648439693065415 1 3.46027138696511
5 10751 "59732" 2007.89820199774 1503.48298787089 -1986282.1083801 8710047.84807365 17313717.8916199 -2077952.15192635 0.532236657575276 1 4.39542033377579
5 10752 "59733" 3855.7141464401 6576.48655402674 -1986282.1083801 8710047.84807365 17413717.8916199 -2077952.15192635 0.55940664869498 1 4.71689049098686
5 10753 "59734" 3835.78768492383 13719.3597909959 -1986282.1083801 8710047.84807365 17513717.8916199 -2077952.15192635 0.648439693065415 1 4.71689049098686
5 10845 "59826" 13108.671441006 4511.14073938191 -1986282.1083801 8710047.84807365 16413717.8916199 -2201952.15192635 0.64009913921698 1 4.21647328065851
5 10846 "59827" 13862.4203215641 17146.4536184935 -1986282.1083801 8710047.84807365 17213717.8916199 -2201952.15192635 0.55940664869498 1 4.71689049098686
5 10847 "59828" 15178.1882608386 6576.4865540582 -1986282.1083801 8710047.84807365 17313717.8916199 -2201952.15192635 0.55940664869498 1 4.71689049098686
5 10903 "59884" 19666.7698485542 12991.7407297567 -1986282.1083801 8710047.84807365 4413717.8916199 -2325952.15192635 0.648439693065415 1 3.43882209551664
5 10934 "59915" 8567.00732690344 13358.8645883862 -1986282.1083801 8710047.84807365 16413717.8916199 -2325952.15192635 0.55940664869498 1 4.85767168962144
5 10989 "59970" 6671.4988442524 4387.93039040779 -1986282.1083801 8710047.84807365 4413717.8916199 -2449952.15192635 0.648439693065415 1 3.48520987495374
5 10993 "59974" 9889.2585538839 8275.45348831784 -1986282.1083801 8710047.84807365 5513717.8916199 -2449952.15192635 0.596665346903024 1 3.91169674872286
5 11079 "60060" 705.260880327441 10335.8061774573 -1986282.1083801 8710047.84807365 4413717.8916199 -2573952.15192635 0.648439693065415 1 3.41472605043522
5 11116 "60097" 12090.3767351725 15943.0382220209 -1986282.1083801 8710047.84807365 15813717.8916199 -2573952.15192635 0.648439693065415 1 4.72398818542846
5 11117 "60098" 14181.5303227338 15943.03822235 -1986282.1083801 8710047.84807365 15913717.8916199 -2573952.15192635 0.596665346903024 1 4.39605290746757
5 11171 "60152" 12815.8270479192 11507.1326836504 -1986282.1083801 8710047.84807365 4413717.8916199 -2697952.15192635 0.648439693065415 1 3.47690462580454
5 11473 "60454" 17953.1940035473 0 -1986282.1083801 8710047.84807365 14413717.8916199 -3069952.15192635 0.600381455195089 1 4.01460561555059
5 11474 "60455" 17668.7828844098 8275.45348830807 -1986282.1083801 8710047.84807365 -6686282.1083801 -3193952.15192635 0.523615280126096 1 3.5130184219122
5 11687 "60668" 12753.4756246475 0 -1986282.1083801 8710047.84807365 12813717.8916199 -3441952.15192635 0.600381455195089 1 3.45681262065531
5 11688 "60669" 12544.346132647 4655.77824847106 -1986282.1083801 8710047.84807365 12913717.8916199 -3441952.15192635 0.600381455195089 1 3.45681262065531
5 11762 "60743" 11505.7149338674 4511.14073937873 -1986282.1083801 8710047.84807365 12913717.8916199 -3565952.15192635 0.600381455195089 1 3.45318583673266
5 11877 "60858" 13000.0097723168 4655.77824845116 -1986282.1083801 8710047.84807365 10613717.8916199 -3813952.15192635 0.648439693065415 1 4.05490756868644
5 11878 "60859" 12648.6185095698 15244.2015156603 -1986282.1083801 8710047.84807365 10713717.8916199 -3813952.15192635 0.648439693065415 1 4.05490756868644
5 11943 "60924" 2586.28011523092 6576.48655400802 -1986282.1083801 8710047.84807365 10613717.8916199 -3937952.15192635 0.648439693065415 1 3.3010623122216
5 11998 "60979" 1014.32547968684 17811.8194510831 -1986282.1083801 8710047.84807365 10213717.8916199 -4061952.15192635 0.648439693065415 1 4.05490756868644
5 12001 "60982" 1865.65324652789 9750.29939907352 -1986282.1083801 8710047.84807365 10513717.8916199 -4061952.15192635 0.648439693065415 1 3.3010623122216
5 12019 "61000" 11372.1188608916 12276.133908304 -1986282.1083801 8710047.84807365 13213717.8916199 -4061952.15192635 0.648439693065415 1 4.10365097850073
5 12045 "61026" 454.924545996856 4815.92591557773 -1986282.1083801 8710047.84807365 10213717.8916199 -4185952.15192635 0.648439693065415 1 4.05490756868644
5 12052 "61033" 2091.21119038817 5689.71593755693 -1986282.1083801 8710047.84807365 12213717.8916199 -4185952.15192635 0.456114111989385 1 4.55551847065098
5 12053 "61034" 2782.68864422468 9750.29939891542 -1986282.1083801 8710047.84807365 12313717.8916199 -4185952.15192635 0.549072071851642 1 4.36912799987159
5 12059 "61040" 3451.58594417916 4511.14073941805 -1986282.1083801 8710047.84807365 12913717.8916199 -4185952.15192635 0.648439693065415 1 3.90072184097908
5 12060 "61041" 5915.37197435914 13719.3597908909 -1986282.1083801 8710047.84807365 13013717.8916199 -4185952.15192635 0.648439693065415 1 3.90072184097908
5 12082 "61063" 11613.2625680157 1503.48298791368 -1986282.1083801 8710047.84807365 12213717.8916199 -4309952.15192635 0.627294422944358 1 4.37475001649434
5 12088 "61069" 4069.80736355083 14701.9634123594 -1986282.1083801 8710047.84807365 12813717.8916199 -4309952.15192635 0.648439693065415 1 4.01328400601236
5 12093 "61074" 881.649880760179 17811.8194511262 -1986282.1083801 8710047.84807365 13313717.8916199 -4309952.15192635 0.648439693065415 1 3.90072184097908
5 12136 "61117" 12932.6217374207 15244.2015154408 -1986282.1083801 8710047.84807365 12113717.8916199 -4557952.15192635 0.565982523939104 1 4.3973329849878
5 12138 "61119" 9296.87218206873 13811.3111869288 -1986282.1083801 8710047.84807365 12313717.8916199 -4557952.15192635 0.600381455195089 1 4.17094219418172
5 12164 "61145" 4827.18572225072 8905.90972560625 -1986282.1083801 8710047.84807365 12513717.8916199 -4681952.15192635 0.648439693065415 1 4.36980143316675
5 12165 "61146" 5426.75708002252 14701.9634124986 -1986282.1083801 8710047.84807365 12613717.8916199 -4681952.15192635 0.648439693065415 1 4.14064085870221
